2000 2000 1000
534384 546939 556183 580184 1413446 1498813 1850221 2176835 2273016 2739108 3044320 3478039 4345929 4681524 6299200 6418961 6507111 6784667 7708612 7871417 9138458 9148784 10032999 10575979 10626050 11654681 12224682 12331737 13181828 14099561 14197890 15896721 16014157 16106776 16295287 16665141 17495438 17719492 17929718 18032417 18284032 19333064 19358830 19711901 19712793 20262999 21657188 22054663 22523658 22645463 22686077 22757068 22871412 23145634 23442128 23776779 23873617 23894189 23958097 25607371 26556758 26813960 27030046 27592411 28157686 28763497 29289192 29552182 29610089 30639799 31552151 32510509 32624929 33036489 33547624 34880314 35714151 36128656 36319106 36761087 37346216 37873688 38061833 38224468 38436889 38746365 39219011 39692202 39983163 40075077 40755533 40983349 41012477 41329247 41393610 41504814 41624924 42565539 42897206 42997704 43438949 43531815 43935451 44725260 44817763 45682449 46176701 47378367 47717534 48354921 48877744 49513928 51752138 51836449 52131116 52167546 52395658 52631701 52941236 54027881 55818931 57221632 58050212 58292429 58792828 58966672 59673213 60569017 62378462 62724548 62830142 62974954 64032291 64156027 64243369 64458387 65905494 66214950 66848540 67004348 67159772 67345199 67600545 69341761 69629049 69966177 71343590 72358875 73450852 74137197 75561837 75689945 76368017 76490807 76936110 77934305 78370050 78448234 79288041 79337414 79679110 80381120 81579117 83087084 83304300 84083043 84524376 85543998 86483436 86505318 86512566 86860240 87134688 87235648 88197251 88242947 88442414 88618954 88621984 90893585 91595584 91767848 92547965 92783524 93022161 94026598 94625908 94804074 95277853 95499304 96334395 96352789 98207397 98569842 98985904 99214930 99328017 99449508 99672642 99870908 100055662 100914015 101456309 101984745 102368257 103442869 103475514 103655218 104628626 104666374 104964095 105235679 105498444 105994482 106905409 107769212 107837590 108393439 108610280 110432828 110476740 111712565 112029369 112294796 112392255 112450977 112804298 112865675 112907411 112984051 113076757 114135323 114573763 115397788 116821752 116825133 117095430 117178651 117341232 117471199 117474344 118155574 118490923 118578247 118817535 119376294 119474975 119923608 120299393 120370310 120554178 121009259 121355115 121837030 123691998 123713210 123837267 124026985 124122350 124215308 124447241 124610803 124690504 124745272 124776456 125016140 125262958 125454531 125786286 125886772 126614214 127032055 127997647 128101862 128270687 128363742 129962451 130785958 131087498 131735995 132350303 133020752 133823908 134733483 134890159 136822837 136989782 137339584 137364394 137645658 138408080 139535788 139694117 140747822 141708961 141811892 141854486 142307416 142555034 143349170 143800304 143879972 143883811 145266636 145289442 146194970 146843220 147601974 147927868 148122288 148214712 148501744 149120151 150660384 150843098 151839437 152793325 153302453 153575731 154340698 154671864 154947385 154958636 156265248 156601799 156614360 156957203 157566055 157657622 157665701 157950675 158154315 158907666 159063181 159400970 159511691 159601259 161331915 161647670 161926525 161968569 162739977 163621757 163698996 163724328 164397333 164625831 164654383 165000137 165098484 166044209 166473267 166698682 166949333 167468130 167858457 167974399 168241765 168328444 169032360 169312057 169720333 169843908 170107789 172703614 172776866 174005597 174814414 175868245 176506321 176553522 177039380 177375144 178256964 179801611 180495757 180895556 181946083 182487528 182556352 182937605 183402264 184808634 185527265 185892734 186172182 186396719 186639474 187084177 187954680 188356239 188393876 188651204 189661852 190323683 191261858 191289609 191520164 191548865 191599537 191893037 191955719 191984834 192428184 192995417 195187793 195253256 195723834 196252857 196433692 196571328 196742182 196793421 196813686 198137063 199020275 199352025 199935700 199968301 200218648 201651942 202435990 203376308 203792382 204508890 204546650 205015181 206565358 207939777 208802848 208980449 209435644 211615955 212689846 213429717 214267471 214718850 214869329 215369496 216724959 217584507 219309727 219769258 219974575 219990818 220148557 221074000 221239075 221917433 222066442 224072957 224704713 224741096 225008715 225199558 225867519 226715563 227084239 227475679 227671872 227826448 227838836 228057751 228121136 228162052 228696237 228771627 228880306 229106649 229209421 229245767 230160989 230374509 231697053 232005698 232477451 233476808 234129686 234232688 235924164 236647778 238735161 239052198 240097787 240108686 240377956 240564307 240610870 240960326 242183493 243334956 243640487 245291048 245920259 246142198 248366669 248387935 249476612 249704552 249797810 249900337 249946506 250099111 250260148 250719189 251576399 252073403 252350029 252561270 252661873 253001622 253519466 253683313 253825536 255293712 255391374 256010264 256755935 257123671 257542337 257720298 257937587 258091401 258617558 259348037 259643026 259921264 260046520 260341000 260612924 261225488 261254898 262694642 262918353 265229404 265868801 266572173 267314967 268475782 270047243 270449369 273165558 274961668 275491912 276196989 276571284 276800704 276878741 277056547 277702676 278161743 278264351 278540587 278961854 279608020 280609001 281991100 282556037 283349166 283483500 283531653 283574427 284268375 284290471 285576788 286566701 287049506 287130662 287537448 287774449 287793324 288821958 289361033 289516211 290215261 292115961 292370091 292397552 292408264 293263902 295346113 295553805 295722081 295752174 295800754 296834035 297372108 297762036 298180346 298851202 298873360 298963891 299546729 299975543 300253589 300392419 300758366 300874739 301431254 301680543 301744455 301762533 302330073 302382903 303244215 304041839 304577455 304741308 305043623 305229184 305245398 305540648 305739110 305835440 306928463 306960217 306970284 306987330 307230989 307424724 307815455 307891045 308242262 308353100 308612397 309712878 309719230 309890580 310833971 310928392 311426000 311503218 312293823 314503294 314872129 315053062 315466404 315910379 316372375 316509049 316883264 316897292 318127488 319984263 321322997 321349242 322500824 323267527 323542301 324913337 325722079 326008122 326088408 326741252 327795490 328348570 328492488 328701408 328906161 328930256 330228838 330454707 330861603 331491708 333097829 333463923 333591279 333878284 334186583 334716785 334872670 335213992 335230201 335884575 335990192 336495951 336899595 337111783 337876274 338500923 338714255 338861757 339104792 339490683 339799562 340055345 340244113 340536558 341158926 341193815 341530849 342725516 344191581 344864747 345829486 346116826 348434195 348595062 348778955 348958507 349238585 349520756 349972138 351481867 351603952 353086287 353532797 353835989 353904801 354143431 354684217 355208500 355713752 355793849 356160548 356206747 356699935 357823974 358440296 358976982 359776705 360423718 360949739 361254533 361435977 361701141 361807753 362341807 362541677 362972166 362976109 363009788 363153582 363208996 363246339 363412815 363432801 363505828 363769190 363817468 364563920 365140347 365407985 365748938 366853242 366942612 367143423 367339089 367725496 368556663 368762052 369597911 370260005 371543094 372600354 372938323 373334998 373623268 373665893 374913159 375224534 377419593 377514211 378496642 378527800 378877258 379609641 380243783 380252559 380941150 380961079 382527421 382815435 383045065 383596408 383870688 384935443 386308706 386447367 387034980 387672477 388339595 388450495 389294335 389381985 390717130 391527896 393560707 394330792 394355838 394387060 394544986 395095771 395134727 396406599 396603530 396884851 397796307 398118156 398202949 398629240 398953228 399699153 400234595 400374845 400928732 401032127 401436364 401477963 401541565 401915110 402591316 403164703 403364971 403653048 403722154 405342024 405813031 406459861 406587427 407150005 407820201 409062642 409109719 409269547 409599438 410428452 410674537 411835864 412304877 412567438 412873698 413906162 413952366 415180879 415483073 415742193 415846298 415967005 415968220 416164451 416231154 416901087 418168786 418348357 418448946 418715328 419113205 419342206 419443487 420731115 421651595 421894211 422515196 423535546 423700747 423807283 424595382 425474065 426119953 427010214 427978719 428014606 428075990 428189860 428416767 428927724 429064122 429223416 429327775 429910753 430680143 430989942 431413333 431526834 431936842 432208627 432953422 433663933 433701750 434197053 434198609 434430692 434500381 435466013 436312103 437292890 438593421 439624048 439651987 440429764 441037346 441283075 442241490 442676981 443121962 443175935 443252104 443636182 444092239 444123715 444725055 445991743 446493303 446674581 446793729 447989781 448514709 448865762 449546499 450322792 451072263 451236266 452068783 452280287 452707224 453344294 453363107 453866066 455380001 455388206 456890696 457403045 457625432 457798105 458511226 458549306 458951872 460942347 461057150 461489999 462011566 462331420 462821073 462938979 463704068 464347418 464595967 465013624 465142750 465277565 465343162 465356913 466469699 466479943 467868188 468401452 469190646 470788796 473176907 473863041 476308981 477661763 477671399 479935619 480403063 480407478 480505451 480588270 481071958 481669895 483476416 483711001 483869124 483886290 483899040 486215941 486224139 486530123 486820883 487468890 487894855 488188461 488306668 489410349 491243565 491309389 491878241 491920690 492213709 492394649 492697414 494314619 494814626 495350861 496296038 496520831 496700301 497090174 497422255 497578505 498139909 498182316 498235709 499338823 499616835 500507941 501582452 502020143 502442959 502760884 503040744 503483239 503530156 504056428 504785079 505010351 505052727 505296098 505640994 505738645 506050167 507347826 507751630 507782443 507785488 508148406 509512621 509637121 509816286 510394660 510804044 510977835 511579783 511762121 512984369 513000250 514496295 514916453 515142767 516086199 516152382 516455404 516458508 518071214 518230929 518505433 519270391 519324457 520020721 520148919 520418254 520898162 521128151 521488373 521976044 522589247 522959988 523263373 524179318 524417901 524740757 525218046 525393444 525796511 526205645 527203917 527759626 527992661 528074594 528245986 529118882 530143863 530361432 530450283 530755623 531344420 532535783 532760670 534019739 534117600 534466568 534978643 537792473 538312359 538418979 539164731 539306246 539448063 540163883 540837349 541194614 542295495 542982241 545143304 545222340 546501908 546739525 547161035 549083089 549336726 549740666 551352501 552815418 553012146 553286656 553410230 553822991 554123447 554456752 554566488 554791808 555403284 556101671 556367294 557624628 558250052 559324032 560212930 560607343 562196503 562501782 563306875 564402102 564829384 564906636 565029567 565212914 565593621 565729232 566128518 567640621 568431298 568756876 569225265 569302608 570003623 570009478 570238027 571275851 571335712 572219028 572265633 572471813 573364638 573467954 573472633 574797452 575096771 575564024 575973366 576595855 578563190 579056717 580379536 580485050 581321799 582596996 582714229 583063749 583175107 583430993 583516269 583955714 584546018 584967807 585555539 585972748 585994924 586783732 587871846 588547354 588615805 588629926 589157215 590093070 590469170 590511017 590686366 591110925 591199250 591552050 593651895 594498932 594723340 595217881 595267702 596043257 596048646 596593233 596699433 596904681 596924034 598693534 599680706 600392111 601993278 602091757 602552293 603022155 604271337 604820097 605124905 605852924 606960895 606999240 607734649 608046400 608910576 608991878 609163209 610800781 611295223 611345575 611356514 612391852 613146167 613165622 613528160 613550169 613634055 613966381 614246422 615015472 615035995 615933356 616258198 616390041 616437921 616468754 616478554 616591275 616689286 617251983 617469833 618050081 618482537 618503215 619135315 619429839 620807464 620807861 621069229 622090486 622388654 622823984 623101987 623373594 623574713 623636863 623652811 623758092 625480396 625493870 625975016 625997668 626433198 627196089 627768718 628663072 629487325 629675187 629808538 629814305 629958359 630050380 630837631 631905037 633193606 638003494 638497828 638752037 638767246 638928239 640218195 640654084 640842799 641667863 643188181 644395711 645083708 645379109 645430917 645887673 646043851 647489982 647502804 647622237 647630833 648125287 649246240 649291249 649402198 649817815 650031117 651492049 651571122 651575793 651803044 652790253 652897430 653018001 653051904 653294422 653701500 655308559 657038520 657138522 657235681 658284493 658899903 659473130 661107800 662303403 662544541 662875260 662885173 664210062 664525847 664657291 665343779 665450564 665729272 665766676 665799225 666098593 666964684 667125786 667149878 667221012 667768487 668156688 669150737 669894354 671597136 672532539 672601500 673202590 673293587 673405973 673601571 673705358 674672257 675075127 675200041 675261539 675469737 675694811 675696605 676601062 676650309 676783749 677177208 677352527 677542808 677989430 679376300 679577097 679998778 680084921 680358383 680738246 680878710 681750362 682368736 682371041 682390382 683018079 685383199 685460887 685601205 685787632 685868447 686500034 687064718 687439447 687742972 687759152 688423585 688471148 689331579 689821469 689875168 690235041 690391809 690505815 691649632 692187176 692192992 692355099 692434498 692552760 692665708 692742226 693454318 694145152 694152819 694744804 695808735 696443335 696662311 696965867 696995550 697490433 697528919 698974022 699037472 699856662 699978254 700258278 700563556 701347420 702172376 702208237 702248998 702462008 703435061 705233265 705379693 706432262 706580411 707256590 707355789 707594394 707761593 708224310 708556868 708687233 708694760 709329968 709440409 711355255 711520967 711611767 711948913 712781514 714019417 714501323 714717565 715025913 715318952 715805200 715828665 716058918 716730683 716929373 716965040 717533380 718594627 718695878 719434494 721297715 721305101 721676857 721785175 722087651 722291036 723106026 724419083 724816265 725118136 727267805 727901334 728147870 728771018 729945626 730212853 730250618 730532899 730580370 730968551 732388703 732403258 732424839 732875498 733446941 733604131 734316805 734925539 735020340 735313903 735319777 736549078 736819851 738067815 738314113 738448769 739591666 740602904 741073595 741488340 741603262 743330204 743808511 744088842 744216007 744360741 744367768 744567371 744892629 745034621 745188044 745217682 745642274 746867494 747631251 748181728 748212196 748291123 748777987 748870803 749210464 750760933 751301470 752589647 752998353 753019524 754141885 754558723 755384557 755630105 757029576 757922580 758203983 758409825 758459037 758713324 758752674 759302968 759558744 759782860 759867697 760971665 761213794 761304180 761412458 762878965 763506024 764022961 764389538 764941192 765016574 765852301 766147306 766717337 767819282 768014980 769253401 769843551 770762049 771323467 771532980 771555059 771575049 772160826 772813918 772929470 773051584 773327090 773680223 773984044 774196840 774436892 774834100 775036134 775148876 775232573 775335704 776305630 776668614 777470225 777561903 777724676 778932581 779219534 779582689 779646678 779695135 780559447 780755855 780830438 781879376 781879504 782459533 783387140 783477084 783620168 784303618 785104262 785189284 785273319 785642047 785837968 787003416 787581308 788155550 788459525 788652161 788674841 789243656 792297695 792520598 793686667 794373093 794405207 794521375 794966226 795028928 795512051 796931339 797829151 798363457 798973359 799093247 799565779 800742217 801662548 802523115 802687446 802698614 803079536 803261992 803663189 803816036 803875233 804194759 805435838 805522852 806669548 806828957 808257249 809035150 809123669 809345213 809970350 810002935 810263394 810324371 810946630 810992378 811846236 811878110 812112109 812342501 813187137 813533230 813726110 814271891 814423541 814917952 815052968 815357615 815999107 816345712 816499046 816523084 817019417 817532459 818917688 820059920 820278811 820366215 821498482 821996969 822247103 822499977 822807345 822820365 823276166 823680228 823814049 823829481 824717440 824747710 824763038 825325103 825849846 826785951 826846190 826913684 827021676 827509339 827738422 828201178 829307590 831044323 831128148 831788181 832744971 833447167 833572680 833868792 834196143 834326744 834520855 835084439 835254886 835732084 835849771 836011370 836074527 836106049 836985174 837110876 837131368 837660116 837904839 838386537 838737485 838947257 839810688 841306742 841797396 843362825 843826024 843922213 844457596 845248142 846633555 846778837 846816554 846979601 847591183 847880906 848881988 849496275 850863667 851218675 851279895 851390494 851663675 851791795 852466321 853727804 853945801 855096977 855137908 855265765 855497992 856116707 856564943 857998590 858076698 859173566 860379323 860609041 860962119 864165987 865683733 866009578 866473020 867632935 869273729 869887747 870231629 870968389 871379230 871858191 872082117 872292006 872997206 873146904 873785484 873977394 874618981 874814397 874918946 875626100 875678122 875924019 876289636 876648093 876692362 877475003 878142818 878199638 879313180 879315592 879486085 879522189 879652761 880947994 881168966 881921845 882732989 882799652 882883301 883688849 883926664 884107046 884814759 884881528 886828189 887383019 888021168 888174931 888762316 888881158 889191594 889247141 889862523 891443173 891736395 891816941 894987409 895547969 895618590 895836324 896456302 896795648 897619885 897624250 897833772 898118462 898652352 898695649 898696691 898794373 898858203 898994162 899197433 899927516 900020101 900372138 900473943 900565181 901218211 901279620 901420737 902236191 902330685 902525648 902600807 902604075 903991845 904742911 904854505 905004797 905194883 905845029 906147330 906164711 906388326 906410032 907761903 908425909 910463059 911218436 911456730 912092961 912777439 912929250 913042984 913440924 913444374 913860160 914159137 915816651 916721829 917333113 917489820 918329360 919086283 919999970 922291190 922892568 924228589 926066891 926128138 926260234 927767360 928051237 928250098 929473277 930905530 931497531 932073876 932385029 932445142 932672955 933144469 933216718 933284402 933612859 933619801 933757507 934547023 934821434 934841267 936271173 936608063 937328732 937936913 938082707 938393177 938446285 938605833 939063121 939404590 939769768 940226434 942429291 943784318 945647899 945660890 946279282 946531396 946650777 946743436 946797847 947220537 947472019 949395224 949617766 949905208 950417751 950613009 951055060 951258450 951351394 951606717 951618604 951671364 952498486 953101191 953549534 953664231 953876512 954998653 955302365 955357824 955800213 955920607 955943519 957052359 957138319 957764562 957881929 958228136 958370499 958434073 958759428 960469286 960602241 961522531 961915159 962298698 962384508 962581841 963088230 963718538 963845420 964328704 964650338 964790950 964848984 964991631 965038606 965582469 967550010 968263733 968349991 969957298 970363282 971007031 971548692 972408848 973424684 974543209 975851476 976329766 976909163 977246051 977952615 978953496 979517297 979797592 980423777 980940283 981684494 983286675 984064597 984274204 984697812 985037432 985281077 985322433 985695124 986209239 986690752 987255833 988176382 988187470 988282873 988668676 988943807 988973724 989614468 991944263 991993803 992526246 994220392 995983623 996124471 996524359 996937634 997493023 999057469 999214558 999871794
432953424 775148877
245920255 325722075
617469831 928051234
222257558 942317497
703435059 707256590
492697415 509512624
407820196 585972748
721305106 937328728
127810165 138955811
335213993 432208623
104666379 224741096
51836454 957881928
199968303 685868444
631881881 875970124
651571117 738067818
477661764 764941189
747631250 968263734
80533152 433633345
308353097 505738647
161331916 511579787
362976105 645887668
963845425 999057465
318127490 657038523
231697048 962298697
253825536 623574710
36319107 872292011
603454121 800397718
119207558 924011169
714019421 949395229
6784664 262918354
94804079 662303402
520418257 700258273
308799719 467134532
61659641 113139133
12331732 174005597
333463923 363769192
84524377 553410228
499721460 741211044
214718852 777724672
258092577 355597081
680738248 768014985
625493867 934821430
683018084 981684492
252073403 730580374
647489985 779219539
37570998 257710027
290228004 601313038
133335215 729742101
611356516 897833768
169032365 687439449
40075082 399699154
384935444 496520834
491243568 496296033
413952370 524417897
226715568 871858195
167468127 815999108
361266018 715261928
130785954 744567372
442676977 827021674
420731118 741603267
120370315 362976110
2273012 787581305
410428453 930905529
104964098 465356916
114573758 662544542
591740028 876083238
225199556 979517302
189024827 321194167
612391854 779582692
486224142 802523112
99328013 873785488
91767851 175868245
172703609 205015181
810263396 826785949
5127120 603242703
316509044 665766674
426119950 604820093
736819847 949395225
409109723 834326742
488574592 699747551
161647671 293263903
79679113 701347418
151012622 366516202
645887673 891816944
294977806 977346272
848881987 902330687
335230203 957052359
18032414 687742969
38436885 398629237
567715815 906737114
126991877 990477705
60569016 226715560
33547623 457625429
160529910 354046336
43531814 401915109
422515198 924228585
85544002 803261989
25607372 261254898
321349239 891443171
556180 507782440
308242265 342725515
167468130 305835435
112392260 203376313
38436886 334716789
629993828 757748870
391527900 549083092
512816956 725845359
167858454 802687443
483899044 945647902
258091397 734925540
798363460 950613004
638003493 899197429
285576788 610800782
186396718 672601500
429910756 757922579
453866066 843826020
395134727 443252102
95706556 470430184
39219016 157950677
705233267 940226435
534382 711520971
236647779 321323000
338500927 692552760
124690507 758409829
118817532 136822841
125016144 995983624
426856162 670569230
275491911 924228593
103475511 922291190
228121137 566128515
16106781 728771021
134890155 361701139
431936847 984064600
874828487 925123353
780830436 826785956
391527899 881921844
143879973 289516210
168328445 375224538
256154461 888287936
560212925 971548696
3478038 866009573
394355838 752998358
461919845 877196951
229855572 684580766
67004347 407150001
106905406 570003621
118319403 154763963
308242257 418715326
37873690 226715560
234232693 879313180
546739530 884881532
429064120 483869126
341193816 812342504
167468130 280609005
148122291 527992665
688423582 973424679
552294106 580448028
278264349 469190644
95277857 801662543
724419083 979517294
588615805 962298697
29552187 416164453
622010624 709455587
37346217 912092962
230160989 521488371
58966671 292370093
711673075 941459362
186396724 951671360
348434192 645083704
886828185 965038606
205537498 603533394
13181832 442241490
69301923 130030015
141811887 595267697
182556352 524740755
98985907 361435978
190323685 361254529
93062692 599169366
20262997 75689944
234232686 600392113
349238582 876648090
927767360 958434069
262918350 434500385
438593424 715805195
212504095 648763499
51752138 526205648
137339583 856564943
245920256 747631246
419342202 812342502
133823904 295553802
117152026 579632038
259643028 340536554
58292424 431936837
153302454 602552289
86483439 362976104
268475785 573364635
125786282 913444373
38436892 553286654
211615958 250099106
835088483 983400337
64032288 905004798
583955716 676650304
25607367 509637118
232005695 505738650
131735992 682371043
177039376 882883297
334872669 355208500
462938977 546739522
287130666 879313184
564829387 673405970
781879374 814271886
544979652 959367687
462821078 902600806
647489980 926128135
183443197 841897817
499338825 780559452
295346109 524179316
622823980 996937632
84083039 502442964
451236266 591110929
786584128 838239467
180904149 475477782
161296734 934550133
384935448 946531393
545222343 732403258
117474348 225199560
638497833 773327091
276571285 969957303
397846701 527074179
429064126 754558724
87713482 192499339
516669517 942524821
398202947 659473135
744367764 912092966
735319776 938446285
186639474 456890693
567800975 668435414
540837345 836011368
403653052 555403280
150843098 328348575
249946508 897619881
64458386 796931335
143879968 780830433
75689944 537792470
298204246 659559602
203792382 228057752
200138170 508408320
215369496 744360739
758409822 926128140
75429331 213721967
19333067 434198613
229106645 653701499
103442874 732875503
603022152 955302368
499616838 822499980
427010215 707761598
59673211 191984836
709329965 744088839
48354918 918329362
455380002 930905528
465343167 827738417
268475779 298851203
926260238 954998655
388339592 734925542
32510509 462938979
534382 253001621
240564307 255293709
508148406 649246238
388339592 855497991
335230205 683018080
148039429 773661788
600392114 881921843
86483437 583955712
66107241 729036789
298180343 496296041
572219028 722291039
432953420 749210459
732875501 823276164
268475785 774834095
747792255 956295577
396406603 917333108
728771015 881168961
289361035 518505438
628663077 771575048
298180349 503483242
23442128 814271894
677524194 972847964
164625826 896456305
23442130 876289639
429223413 685460885
305229181 308242265
337876279 771323466
588547353 874618982
498235704 834520854
240108686 809345212
220789133 310797034
509637125 596048647
825509325 876997580
422515199 810002940
36761084 560607347
758203981 906147332
9138461 363208998
43178680 328398411
334872667 618503219
538418980 879522194
621069227 706580409
465277563 538418983
308242267 676601059
164625831 815357612
152793328 757029577
69341766 441283070
151728764 827457155
107837593 328701411
427684945 773316538
182495876 276409496
485859616 954349681
66439684 367898983
948506274 977649910
526205649 754141884
427978718 595267704
29610092 813533232
225199562 373665898
749210466 898794375
744088846 904854506
221074002 298963896
383596405 590511012
433663929 775036136
596350387 727164726
131735991 847591181
384005403 860843242
623574708 641667859
141708966 523263373
692603178 768676777
580485045 702248997
287130662 591110920
706129692 999566732
639140674 789113627
112294800 279608020
210392587 603008457
192995422 692552755
220148560 260612926
228057746 783477085
514496294 897833772
125886776 169032358
79679112 676601066
232477455 657038523
124610805 228771631
692552765 881168970
685868447 887383019
108393439 588615803
673705358 692355094
245266795 990309432
902805825 907217970
730532896 779646675
583516273 628663074
613528155 843922218
443636182 882732992
22871410 96334393
556101675 665799226
521976039 811846232
39219013 953876512
338637405 512963395
212689845 875924024
253001617 418168787
673293582 675200036
208802850 805435837
554456747 999214560
720937892 905696666
6784667 465277560
460942348 954998648
283574425 583516266
434430690 853945802
147927867 692355102
344191576 405342023
236647779 389294338
497422257 523263371
489537281 823460204
825849847 838947258
527992661 788652158
260102184 586654573
546501905 562501777
123691996 888021171
131735999 788674839
546939 825849848
239176543 565547106
529419885 875521252
213429713 754558723
112804300 205015186
406827873 685268461
154947381 655308563
22686077 615933357
400928735 961915163
765852299 806669553
491243567 965038603
680738248 743808506
108610276 615035995
528245985 969957294
1850217 516458510
198137060 986209238
106905407 702462011
541194614 688423580
260612922 878142819
390907764 844321097
184808630 657038523
118155574 219309729
190323688 429064117
588547356 815999106
55971950 961170928
219309731 309719231
586783728 744567375
389294336 699978254
396884850 811878106
326008125 766717337
99870904 214718847
477671396 590093070
124447245 496700302
182556347 649246244
88242951 439651992
681280544 853133650
794966224 820059924
431936844 677989432
104666378 677352527
10626055 638752039
310833969 583955709
718695882 876648088
465356909 505296096
362976105 645887676
761304175 958434070
16014160 502020144
496120855 646523034
289516214 512984372
191289604 483476419
270744156 997617763
180495762 616258198
240564312 611356512
477661761 568431300
832744967 979797591
833868795 895547964
141811893 344864747
86483431 741603266
491920691 715805199
665450568 730212850
628761728 803327294
729945622 897619888
360068365 669912054
316372380 587871846
152216584 925718006
744367773 851390491
891144619 999527318
388294298 659024300
118014870 748015570
164625828 172776865
46273839 698014003
429327772 799565775
307815455 988973723
84524375 625480395
149356903 477690837
309719229 442676983
698974027 884814764
364028164 380902843
179078568 220354013
214869333 773051584
700563556 745034624
900372140 981684494
117095430 775232578
98569843 821996966
826785950 888762317
212689849 348434190
238735157 580485046
110432823 585994922
166698684 849496275
40755528 159063182
283349167 667768485
663500541 973987888
199020272 655308560
558250049 838947258
46176698 738314111
107837592 453363106
825325100 866473016
108610275 913444374
62378463 649817819
249797815 299975540
183402265 616437920
227838838 680738246
464595967 689331577
295800758 594498935
629808538 939769765
305739106 611356519
323267525 468401447
401869506 810731691
25607371 817019414
252350027 821498486
113076755 365407989
153302454 514496293
305229182 767819281
137339579 545143299
76490805 898794377
436080002 766762352
297372108 618050085
388450497 616591273
502442957 708687235
207509942 653604631
415846301 653018001
99328018 348595066
417504421 620888846
112804295 958759426
17719489 33036486
123299250 831474623
157950672 384935439
64622606 423772237
297762040 958759423
217584504 715805204
25607368 595267697
825849844 884107044
85686541 787012536
19333065 623758096
250099111 541194613
764941192 917489821
820366216 851218670
122633526 350828705
191893034 527759627
488306665 695808730
424189272 449095859
881921845 960469284
810002932 860609037
334186579 434198604
364551893 460330104
196793418 789243652
278540587 353086286
594723340 714501321
443121961 834520856
375224529 927767355
716058923 912777436
139220252 695869723
475081841 738967462
248366669 992526241
79337419 950613013
434500383 616390042
217584505 452707227
616437924 796931340
518230929 618503213
164625827 769253402
23115631 265025632
705379694 779646673
437564815 587851693
743808511 792520598
330861600 672532537
10032994 224741098
406457706 563675460
569916787 647017328
324913340 546739529
645128839 656614460
340055350 480403067
45682450 775232576
7871421 934547022
949395221 958370496
321323000 775036138
579056718 785189284
196433694 932073875
125262963 875678123
682748219 749978824
159601262 803261991
134890156 601993274
40755532 594498937
400234600 661107801
725058371 942007931
690235038 803079534
62724548 336899597
9448274 862276531
443252103 856564946
53705136 243155985
429327771 871379232
157950679 498182314
87235645 809035147
403164702 564906637
305835437 822807341
133020751 302330070
179801609 879315588
193287342 824899795
46176697 427978723
744360745 773051585
295722084 823680231
276878741 606960899
309890580 526205647
649817812 706580416
449546500 748181729
345829488 363153583
295553801 393560708
121009261 780559448
586783733 630837631
142307417 586783734
3926377 533513731
325722080 788674842
23776774 900473943
330454703 486224143
458951867 938393181
462331417 856564948
316372373 967550015
88242949 340055343
105994478 898794370
192995412 975851478
413906164 759782855
415967005 934841268
94625910 304577452
452068778 699856657
92547968 895547969
240274636 789927681
71343586 760971660
494059474 503666428
423700746 932073874
120554180 675261539
625493874 924228584
311425996 499616834
605124909 629487324
245938981 367596683
505010348 826785947
631991147 827648003
356206745 692187172
17719493 707355790
509512626 823829476
630753822 690855895
186639470 319984268
202298790 432582251
257937586 518230931
12224680 950417755
539492135 565747865
141922913 922459373
531344420 539164734
316883264 984274206
138297214 601029454
628866454 912394651
59592196 196963423
48354918 651803040
139975790 908431521
304577459 365748934
120370314 743330203
335230196 851218673
647502804 901279620
186639478 540837354
689821470 711611770
36319101 296834037
423700749 837110876
400374841 776305631
278540584 483899039
315910379 834520852
154947386 166698680
611295227 750760930
581321801 681750360
638928234 810263391
164625828 349520753
32510504 699856666
656344334 942967917
681750363 727901337
682368733 753019523
501582453 700258275
477671398 510977831
746867495 878199636
638767250 897624245
125786288 780559447
118490918 253683318
240610872 315910377
118293910 300421814
131735992 292370091
198137060 304041840
432208622 483869123
420466899 784843830
213429720 985322434
188393876 802687450
203792386 675075127
240108685 882883306
321349237 837131372
183402260 295752176
42565540 988187471
457138726 506482039
125016136 212689847
917333108 932445143
328492486 958434075
233299951 917812532
545143302 912929248
762878962 785642051
125786282 963845416
719434492 835254885
163344694 812506495
904002377 965821227
416813228 650489817
572265637 812342504
166473271 961522530
191520167 349972134
707355788 808257251
278961851 528074598
157665702 287774452
353835987 415742189
52167550 99672643
399172653 741083974
498235709 971548696
338714257 911218441
308612393 521488375
719434489 810946631
115410063 444771499
625997672 727267801
333463918 367143418
653306789 971447885
380243780 847591187
246142199 882732989
668156683 949905211
532948207 875780926
231697056 285576785
326741254 603022153
16106773 848881984
106905406 761213796
305739106 450322791
27030051 914159137
14099563 104666377
103475517 619135318
51752140 458951876
577816765 760037628
501096412 747113396
75561842 927767359
293263897 689331574
645379111 727267800
42565544 666964686
184808630 891816942
13181829 252661875
429327775 715025910
289516209 554456751
143883812 196252859
299975538 370260008
494814627 499616840
99672641 421651596
543348226 960930703
361167477 702205981
311425996 415967009
583063752 707761590
782459529 817532456
286987815 946282578
431526830 651575789
415180878 461490002
265229405 393560706
4681520 806669547
262918352 711355257
209435639 955920612
227475674 888174932
214869327 386308709
653051899 922291192
305540648 983286670
22871415 975851474
577867767 852871665
199968304 283531655
483886293 913860165
174814416 932445144
766801482 801913606
560607344 638497830
284290467 803261988
566128514 821498480
84524371 121837028
442676982 908425913
360949743 362972168
410428457 695808733
378496639 450322792
104628626 442676986
44817765 570009475
13181828 133020756
463347038 551699997
419115234 939772962
707442739 726096880
187864869 693760080
91373449 468126579
32510512 676650306
394355839 727267805
22645460 105235675
51095761 411153620
51836451 297762032
86512561 534978646
78448229 715805198
182937603 203792377
620807463 773327085
9138456 361701140
165000138 979797588
76490808 146194970
170470218 442204610
52570063 360899997
306960213 955800215
54027876 826785946
112294799 760971665
675261541 949905211
6784668 838386535
3044315 689331578
40144145 430411265
755630103 926066894
259643029 605124903
651575798 687759154
330454711 955800213
118155570 605124906
75561838 603022150
131087495 570009479
443175931 615015471
152242462 833833787
36128651 174005595
337111781 743808509
733571840 744287251
258896038 794452374
167468131 584546016
19358835 353086287
229245767 810992374
119376294 568431293
257542334 716965037
413906160 560212930
253683316 799093244
181927577 431714849
515142762 806828959
1413446 564402106
21657188 896795644
149120151 735313907
898858207 973424685
718594624 877475008
582596999 603022155
709578448 996240973
292115965 341158925
479935622 619135310
289361037 831128144
83304298 182937607
240108688 834196144
84524381 283574424
177039376 741073599
392086025 798123997
696443330 988943811
33547629 383045066
412873700 947472024
228057751 888021170
487388864 795760024
281991103 682390385
498235705 744216004
4345927 580485046
43438952 292115963
114135318 406587424
262694641 891816939
251844682 690101018
812112105 933144472
154882642 418727764
714717570 953876514
88618958 308353099
278540588 675694809
83304304 662303403
527203914 759867698
448514704 795028927
32544878 386283413
290215265 554123450
231697057 363432799
124026985 996124476
118578249 588547352
39983167 697528921
260612921 581321796
252561275 402591316
177375149 228696240
7071832 123603957
143883810 789243660
66214952 730212850
905845029 933216716
324913339 785189281
539306250 775232573
562196508 904742911
304741304 443636183
83483460 805033785
101456306 987255836
64032294 261225483
16295292 169032358
554716799 774133623
300758362 373623271
148214713 196813688
199968304 301431253
563306870 651575788
169041868 577262084
833447168 884107044
141708960 649246243
213429717 292397556
565212917 777470225
483869120 616437925
615035990 618482534
693454316 812112105
91595580 714501326
689331584 744367770
502760889 951258449
37346211 818917683
352381217 875430952
309719226 744360744
428189864 681750358
708556868 939769767
136989780 952498482
29289191 162739979
680358378 834326744
229390655 519889487
181946079 963718542
15896720 957138324
59673218 955800218
386447363 452280289
744892630 902600803
86622551 300077989
344191579 483869122
159400974 607734649
11654685 187954682
673601575 879315595
57221636 913860165
302330077 768014984
363769187 730212853
877475002 888881154
288821960 348434190
569225270 938605829
497985147 645886012
583430998 833868788
257123674 466469700
169312054 222066437
240108684 276878736
502442958 721676861
279608024 851390489
622701510 653040272
65905498 139694122
191548861 437292885
264502772 875471448
261225493 430680145
166698684 887383022
368762052 874618985
637855320 807884236
669150734 851791792
33346414 467597074
689821470 913042986
406459860 976909166
348778957 995983622
274412013 821305698
793528563 931286347
99449509 487894859
90893582 826913688
492394651 616591271
108393435 797829154
839810687 856116706
252350028 826913684
112450979 953664235
615933356 827509342
62830139 808257247
107769215 783477080
232477453 988187474
728722188 754802866
386308709 898652356
73450850 211615957
220148559 871379232
287774448 900473948
90893590 591199251
195253252 495350863
240610874 564906636
119923603 339799563
353835994 359776708
78448234 328906160
41329248 677989435
496700298 999214553
7708617 125786282
759782865 870968386
844457596 856564940
192565965 291124214
618131462 816965183
665729276 740602902
232005700 245920262
209435644 773327087
443636183 973424681
112029364 984274201
86512568 981684497
191104090 457308382
27030044 680738246
76316565 129321323
46176706 55818934
692355103 933619805
29610093 701347423
721297710 816523086
723106027 785189286
933619806 963718543
894987406 913042985
506050171 953549539
295752176 327795488
35973978 134997893
16295290 307815454
224072957 563306880
443636186 738067813
427208791 536420577
178256965 883926666
229209422 428075989
115397785 616468749
44362576 530157285
43531819 78448230
378527801 981684491
139694117 252350027
199968303 834196147
99214934 951671362
120299397 380941147
209435643 560212926
1850224 623636858
117178651 955943516
732424844 889862519
520148924 957881927
503040741 697528917
320507494 586055942
98569847 888881154
333097834 339104787
356206749 483869125
374913155 530361435
389294335 689331582
412567442 441283080
21657193 214869333
128363738 936271173
126678656 743643060
245920258 682371043
439651988 788652156
557526214 631737951
507785484 582714231
298851200 556101668
421651600 847591188
883926661 932385025
677989433 922291193
441283077 895836325
384935441 685601203
71343587 779695139
429064123 728771013
715025912 880947999
159004033 673690848
516152386 844457596
879486082 902600808
183402267 468401453
46507935 662973106
494200015 671183264
494314620 794373097
7871419 105994483
363009783 709440407
307891041 308353100
91595581 714501322
836106048 895547965
1134388 117031132
318435810 784235017
373289544 712504397
176506324 718695875
215570891 998225874
86483434 934841270
124447245 614246419
185527264 857998594
2940731 409864541
65905490 796931344
615015474 901420735
715828669 913860156
119923613 623373596
387672472 571275856
398077327 429062715
415483071 714019417
55818929 423700743
692355099 822247098
55818934 103475509
305540645 855265769
100914011 300253591
18284028 545143299
583063747 955800210
451236262 767819285
453344291 585994924
9148785 394355835
96352785 372600353
96352785 119474970
389572008 541766482
265868805 366853238
563306870 572471811
159601264 225867515
709440410 926260236
132350308 434430696
228771629 823814053
711355255 886828190
54027886 539448059
191984838 659473134
219974571 284268377
606960895 891443177
27592411 79288037
224175885 419888669
627196084 815052973
505010350 780830442
780559452 906388330
439651990 539164734
644395707 716058922
309890581 378496643
810263395 933284400
401032131 452280290
444123715 647622233
37346218 813726105
375224529 876289639
382527424 676650310
429223421 711611764
480588272 596048651
191548865 628663072
355208495 749210464
480403063 530361432
95277857 718594632
125262956 305540643
22523655 981684491
167468133 443636182
758892042 821092494
287063842 298098382
432188896 923016639
336495953 727267803
135738628 172389938
534386 955800217
230374511 957764564
721297711 971007035
91595584 932385030
203376303 278264356
528419452 820127860
128101860 596904685
24118961 378335648
694145157 835849766
301431254 631905042
304041844 822807350
636767123 738863715
620807864 855096973
253683315 730532904
360423721 748212197
768014977 949395219
691938741 923411059
567640620 820059921
363432801 430680138
248387937 822820361
841306740 900020099
530450278 811846236
58292429 461057146
149120148 219309729
14197893 410674534
705379698 824747709
665343779 883688844
563306876 621069227
88242951 487468889
143349174 757029572
94625903 354684215
114135318 744892627
730212849 953664232
166501293 386262475
486530127 693454323
10033000 307891044
125886773 305229183
100914010 880947995
804194754 896456305
687439450 693454317
846086077 966558828
690505819 938393177
319984261 653701505
26813964 214869333
106822951 923418817
400928733 851279895
287793329 843362826
673293586 676601064
137086452 461355461
292370090 970363277
661185375 915020061
157566057 257123668
325722080 333591284
372600352 759302971
570003627 653051901
112294795 963088227
112294797 736549081
229245763 340055346
163724325 676650309
633333036 645113130
182556356 950417755
297372112 882799647
240960326 963845424
394330795 433701752
452280287 784303613
41624922 118490927
284290468 643188179
86536123 236897557
143003024 672860705
164654380 304041834
255293709 520418258
205723036 630849603
119832412 488922431
701566882 822386860
564402098 958434071
477606302 849396639
481071954 951606714
373335003 717533376
48354926 48877743
714717563 806828955
776668610 776668611
299546726 665729269
86860238 442241493
851390495 904742913
172776863 755630102
549740665 926128133
401032124 429910751
629675185 629808535
117341236 436312103
499338821 879313180
662885170 991993802
203792380 243334954
365748938 736549077
383045064 397796307
138408075 910463063
333463927 625493875
106905413 415846293
111861014 940942512
130785955 309712880
505010347 588615808
622388656 856116706
11001379 840868060
748212193 938082711
413906160 675469734
378586576 528702294
164625834 995983621
62724552 112865671
180495761 697490431
117471200 487468888
243334954 937328731
134739783 592207925
124745275 574797449
131735990 556367293
520549298 551361386
169032364 715828665
689821472 699856663
302330075 824717439
326008124 744216002
502442956 898858201
473176911 538418981
204508895 315910377
328906158 949905210
256010268 602552297
156614359 363412819
134890162 995983625
191289610 605852924
479801297 573560443
166473266 874814398
119474973 166473272
278264349 901420736
78448238 554123448
66214947 588547354
401436359 824763040
10125477 676967179
565212910 895618590
141903930 458409540
42997709 402591318
527203916 664525850
429064125 613966379
505010349 528074599
426119951 844457599
231697051 520418256
48354918 318127483
721305098 734925541
113076753 199968300
125786284 491878241
519270390 913444373
556101673 946650781
295752175 898652348
519324455 735020336
665766674 945647904
367278773 473006933
88242942 888174936
11654681 128270688
258617553 432953419
680738246 835732088
304041841 690235038
253837376 626495838
22907014 740402486
292408268 759782862
650031121 877475000
622855673 774381780
419624614 449695569
17495440 687439448
317553847 463441424
134890157 578563188
301744460 520148921
647444268 694213461
96352788 810946626
228162047 334186586
752998356 968263730
48877743 722291031
820059915 870231624
295931701 548919711
88197255 779695134
277702673 943784316
273197962 996151007
380499020 687661108
83304298 258617557
105994487 283483504
259643030 783620172
156614358 578563192
501582454 552815414
228162053 715318956
338861753 613550167
444123719 895836327
432972348 845380215
163698992 785273316
229894810 698993767
14197888 495350858
150660388 827738427
775148881 939769763
625755308 736494622
29552184 951055061
524417896 776668616
780559452 849496272
415846298 999871790
226098578 367983890
249900340 258091400
556101676 653294417
452707229 602091756
541194613 931497531
88442413 348595061
305540651 692192996
305835439 847591178
627768716 869887745
195187798 245291044
900372137 965038609
94026596 645430917
690391812 715318956
42897202 881168965
715828668 820278811
653701501 780559447
246955396 863281432
100217619 814057661
411044514 681983812
196252857 764389535
39589645 758818491
777561899 984064602
672601504 875626097
674672255 814423538
546939 401915112
287774452 383596411
401915105 464595965
257720298 588615805
937328727 988668678
62724546 423807284
47717529 212689850
687064716 855265761
645887673 775232577
651575792 957052358
228162055 779219529
734639196 849746885
257937585 296834032
44941336 526907502
870801 20010377
534758367 867681751
58792825 235924169
77210475 204823591
248366669 645083709
142720640 906539912
904854500 958370500
315466399 465013622
286566705 466469699
826846195 980423772
18284028 142307415
660639653 715346823
627196084 627768719
20263004 814423541
12224677 18284034
22871415 302382906
416231155 524740756
446674585 732875496
389294336 869887742
913860158 979517293
569021219 876215838
509512617 826785955
835084438 841797395
43438945 693454315
428075985 719434494
243829043 871343704
147601976 826846186
363817470 551352503
345829487 919086286
66214948 613550174
566992623 642826533
424595377 769253402
515142768 677352523
496700301 888762312
583620045 721164013
523263371 602552291
1413451 79288038
457433051 630586416
174814418 957138323
506378015 674681063
491878246 912092961
76936115 692665706
837507054 868368717
810002937 843362822
143263019 875840479
334186587 977246049
428927721 775232568
788652164 810263391
208980452 889247136
253825537 452707228
373681375 391400000
380707694 912919255
208980449 769253401
368556658 453363104
225514462 927892792
702385042 801797048
93022157 843826020
500507942 873785482
20262994 907761905
685460887 950613009
326271544 897181636
104964093 962581840
804194759 838737483
83304298 443636178
105994480 698974023
824747711 882732994
598693537 647502804
564829380 651571124
171056427 400194899
121009259 196571327
260612919 855497993
613966382 794521378
69966174 257937586
305229181 491920691
81579122 334186587
510842275 857121952
415742195 870968386
964848980 972408848
338830100 410680362
534019736 758752678
43935456 785273320
111321081 993062135
228435932 290708448
128363745 572471810
640187159 679927296
141811890 645887673
394544983 697490433
195723831 383596413
525218050 687742967
16106776 884814756
221074005 323542306
113076756 905004794
709329970 951671362
286566702 443252105
292370087 562501783
329653316 624318615
114135328 153575727
568431303 836011366
7708617 348958508
54027879 159511694
298875710 540140767
835930 223685767
682390378 899927512
415483076 722291037
434583953 514162653
228880304 775232570
125886774 969957301
774121 388733264
46176706 117341235
86860241 309712880
803875235 884881533
399612550 435379490
118817538 846979599
108610285 534978647
34880313 302330070
580485046 702208238
456890693 983286672
374913154 736549080
339799562 902600809
398118160 662544540
707256592 931497534
159511696 732424838
188356234 497422251
178256962 817019412
502442960 826846195
752799600 774106277
336168526 391328792
117341234 522589248
33036491 616591276
411835868 542982237
412873702 851390499
330861607 999057466
360423723 622090481
875924020 884107048
275491910 583516267
362976105 771532980
81248115 89271525
347703727 949833771
227838831 667768492
134890164 215369501
229209423 525393446
196793418 666964681
183402265 744360740
502442960 772813919
164625831 613146170
785273316 864165982
608813584 925381091
416231153 620807866
225199560 955302362
322872201 570634281
164654378 677989432
667768492 733604132
68596865 401343918
276196984 546739524
328930255 691649635
187954675 669894357
10575979 348778958
316897293 933284400
441396485 568675426
252350032 571275847
761213792 936608063
190323685 416901091
629675192 675200038
489410348 570009474
227826453 645430920
123713213 585994926
429064119 889247136
71343589 423535545
603022158 828201180
9138459 608991883
105145256 763187415
259397276 436145105
149334926 876317200
734925539 735020341
245920260 777470225
519892255 585058840
564402097 719434492
352926807 660157234
116825128 960602238
104964097 933612862
330428042 668219824
79679108 604820101
534019739 950417749
442676985 924228593
311503215 721297720
361435976 601993275
278161747 831128151
506613915 931283008
126614216 398202946
76490805 124122355
23145634 157657622
716965036 798363453
98575951 689520692
701347425 953549530
34880317 562196508
141708957 872082122
76368013 565729227
295942476 474735891
598693535 735319777
418348360 692552763
209435645 572471811
685787627 843362822
503483243 706432265
361974756 899709917
155246270 948006054
677989435 777561908
285576788 616689286
762457005 914829940
122320792 571548351
120554181 882883302
16295284 666098594
431413329 766717337
48034437 117873575
434197055 455388205
249900332 689821471
503483244 677352527
580379536 965582470
715318947 775335709
121009259 576595851
330861601 719434497
963088234 984274205
758459042 873785479
194291507 722536443
702462013 908425907
173801305 230980637
620350741 660207788
779646677 907761905
758713325 761412457
4681529 295800751
262918352 349972140
510804043 765852298
328906164 898695645
143879970 913440928
755630110 764022957
370260005 520020718
504848081 834551156
605944814 742021674
576595857 585972753
108482057 577375103
27958491 741508857
222066442 338861762
120299397 625975012
389294333 824747708
36761092 177039379
604271338 687064713
66848545 516086194
310921110 954069481
571335715 615035995
419113204 752998356
230160991 588615800
844457592 849496271
682371038 846778839
94625910 335884571
25607370 301431250
298963892 594723345
295553802 833447169
166949337 457403048
56229274 68798289
528245989 694744807
740784770 983964952
409599439 483899041
438635424 593633948
80883176 266331533
283483502 405342027
371543092 564402100
743808511 926066886
739591667 928051238
157665697 837110878
435680781 486158842
530450283 888881160
565593623 613966382
219974573 619429843
159511694 398629243
133020752 625997669
695808735 996124476
598693538 759782863
755630110 916721824
590511014 596048644
363009793 644395709
416164446 661107801
5192670 542878936
647630837 871858190
158907664 375224535
262694637 986209234
250271011 469388395
349520751 911456732
103475509 754141888
316883264 836106054
415180881 421894209
58966676 596699431
287537443 401032122
748870805 913860155
62830141 806669546
74137193 134733479
333097832 911456725
280676234 313857482
186639476 692742225
911272697 963829583
36397171 791946374
257123666 509512623
438593421 895836321
411824309 516588785
888021170 933144470
334872675 444092242
137645653 307424721
48354920 246142203
711611763 744360740
120370305 723106029
851759506 992666583
204546653 380243784
344191584 461489994
114573761 262918353
602557061 680796131
430989944 934547020
99449505 154671859
349238584 534117604
195723834 884107041
665450565 988176381
487468885 505010353
898652352 994220395
682368732 899197430
68094583 363442336
287812926 908047200
434500381 855265765
665729273 775335707
625997668 946531395
515142764 814271893
551352505 891816939
41012476 614246427
565729232 583175108
285576788 988668672
467868193 694744807
250099110 377514213
370260002 933612859
348595057 779219536
723106021 929473281
188291874 571011063
876289633 916721829
985281076 996124476
488188458 767819279
510415067 628789233
99214926 984064595
99449509 297762033
249946506 716730679
35714155 616689288
260612929 962384503
58108933 874644674
950613009 964328705
64243367 532760669
202435991 651575793
221073996 647622240
192215622 476436786
259348040 916721832
318127493 933757510
969957296 980423772
142668286 174135969
118584658 804543588
523263376 971007032
389381988 814271894
232005693 894987409
473176911 971007028
714717566 938082709
14099559 775036138
466479943 496520833
78370051 494814623
629808539 675075123
653018004 662544545
7871420 94625913
474702877 840066072
72358878 949617764
529204616 750623991
604820092 717533378
161926521 891443169
166044207 744360740
287774452 665729272
192995417 675261536
926319280 976786268
437158888 715666782
349238582 873785484
52395663 932672953
457403049 522959993
128101859 283349163
112804298 848881993
164625833 692665703
649291254 839810691
186639474 939404594
1850219 167858461
297372103 741603260
115397791 143349175
166044214 802687449
611692374 997251115
395134732 430680143
6299195 363009785
366942608 939404591
888174934 902600812
344191583 860609038
775036133 803816040
240610867 688423586
388450490 418715333
596843152 633186117
6784670 470788794
288821955 647630836
58792829 616591270
112907407 507782439
224704714 361701141
22645458 163698991
305835441 516086203
297372113 562196505
289361028 377419596
516152377 835254887
183098687 870447401
278961856 435466017
218281601 726254634
304741310 336899596
305229186 946279285
167858460 875626101
309890578 771532979
799093242 934841264
255391374 504785074
46176698 874918941
240610868 569225265
103475517 124610806
30639796 462821071
49513926 826913682
645887675 883926661
646174031 955779460
553103666 668821085
175868242 730532902
434197056 677177208
362976107 569225262
557169069 633532788
205015181 560607340
239449326 485167217
146843219 423807280
178256960 249704549
409599439 646043848
897619887 987255837
416164447 927767361
968263737 968349986
204380917 694956837
518071212 901218212
60569013 591110923
357823971 771575049
189661856 433701751
227084234 270449369
229209417 436312107
260055596 987655031
23894187 342725520
103475517 596699435
25931704 906103088
192995420 373334999
638928235 716929368
117474347 398202945
98207395 177375142
205015179 769843548
401541566 480505448
524417899 530361430
240960327 884881524
330454705 394387063
380941153 811846237
284268370 834520855
1413445 163621755
158154317 907761901
521976041 631905041
166698680 358976982
300758368 821996966
105235682 143349174
169312058 787003420
326741252 396603525
192428188 696662312
264642710 850362610
117474341 480407478
156601795 499338827
291121893 668009682
209711277 955260922
319984263 706580411
2176831 841797397
87083294 335156807
118490919 647622236
143093475 594344598
16106776 432953426
253825532 994220391
285576784 355713755
546501908 779646674
88618958 99214925
354684217 366853245
70898101 839264687
565455540 727379238
321322992 612391849
16014155 177375144
227475684 708694757
407820201 879315589
656689630 992682714
121009262 199968304
120554175 149120148
413952361 898695650
1413449 946743431
23442127 962581846
203792387 576595857
2176840 588629921
457625435 872082118
29289187 933619801
486530123 562501778
154947385 530143864
58792826 227838839
198254844 583953614
657682615 960264436
333591279 606960896
358440292 405813034
136989779 623574708
424595383 951258445
270047246 779582684
278161747 374913156
227188791 293337481
64156023 590511016
23776782 625480393
483899036 560607344
664210061 968349988
276196984 769253406
354143426 516152377
248086096 568874535
539164728 546739523
23145635 260046516
287793326 706432258
287793328 453866066
843362829 958370494
236908545 480697267
378496647 744360738
640218200 813533230
153021271 395264814
556181 870231629
76490807 469190650
306928460 356160548
3478035 445991743
155872986 224541466
137364392 430989938
232005694 963845422
395095771 402591321
78848048 231438896
145266637 328701404
401915109 797829146
67625937 398332705
324913333 772813920
69341762 724816268
644395711 792297690
574797449 680878715
165098489 421894213
527992666 590511015
167468135 775232578
583430990 630837630
19605862 626352812
621069232 803875233
336677631 934756089
434430696 900565182
363246335 421894206
227084243 249946502
323267531 687439449
335990190 721785174
363769194 384935442
608910573 826913681
611345579 655308557
743808508 817019414
298963888 967550008
507782447 573467954
759302973 984274204
378496645 679577094
613219976 938965259
195723832 936608063
177375149 308242257
625997663 932672955
516458511 711948912
752589652 903991844
142862282 753665765
188393873 568431298
22618171 625958651
528858856 878689378
803261996 964328707
492394644 897833775
398118156 409599434
107380043 431400162
253571293 275682411
470788794 681750366
564906638 613634060
415742191 939404592
536469466 746835054
161331916 465356910
410215776 760342757
269205659 845820189
937355174 944333910
594498935 795512055
206565359 811846234
562317009 634349971
534978646 768014977
10626047 451236261
613296198 755156559
491920691 598693539
167974394 277702678
507038062 643306775
145266635 785273322
23776776 405342023
37873693 734316800
365748933 419443486
182487525 446493302
395134726 988282878
875924017 947472021
6507106 429064124
568431300 611356519
17242069 718245844
496520833 805522851
57221627 603022157
42002928 78114084
703435058 761213795
308242263 802523112
199020280 933757502
209756788 315804566
374913156 448514707
349520755 439651989
435466012 620807864
361435982 771555064
664210057 788155550
676783745 785104264
690235040 884881529
17719490 455379996
754141881 870968386
342725519 687064719
468999065 949445209
295800759 423700747
596048641 874918944
169032359 509512619
300758365 680738249
363412820 476308976
745188044 951351390
432953421 694145153
315910380 527759626
43438771 955508936
6215122 580385656
260612922 520898160
98569847 200218647
22629472 606316949
732424836 882799650
34880319 846979604
124447238 823814049
564906637 587871847
41329249 954998652
234232688 734925536
292115963 450322789
337876270 748870805
22871417 610800779
310928388 645379107
27030043 36761085
629958364 919086286
84524377 394330788
277056546 785642045
261872423 570090614
491627890 692789844
86860244 765852301
201651942 688423582
9138460 43438945
112984047 847880901
356699932 916721831
17719487 396884849
473863043 622823985
249704556 727267806
196571325 257542337
224704712 461057150
