500 500 250
182649 5446151 6501450 6820281 10978245 11004643 11286109 18369347 20271291 20337051 20752063 23933399 27093788 28612688 29682075 31262039 31481082 33408185 33615931 35496909 39169772 40862060 44886619 46433070 58783633 60241806 60731430 60951794 64749066 66326455 67171775 67482598 67555970 69622230 70005085 71181380 71458982 73846445 73941068 74278576 75605349 76260571 80632704 81436944 83288592 83720646 84141089 84911456 90446968 100410776 101164270 101577476 102064813 103202064 104350216 109968924 110194809 111190916 112380335 114966080 115288981 115549992 122868673 124327655 125089180 126652570 131271783 136690838 136999949 139087471 142078937 144068607 145743892 150834814 151610052 153602432 153924512 154943698 155512811 160311815 162858255 166451443 169635124 170135861 175339761 178574428 181080870 184075707 189198668 189283120 192273213 193055268 193237582 195425607 197133986 200765598 207408677 207466217 207552694 207879164 212857968 214248514 215090396 216021200 216872716 223246865 226960280 227106059 230741670 231178088 232988978 235032064 235776123 236138717 236419919 238059511 238449814 246005761 246914419 247134062 248854640 250251265 252907451 256290676 258576423 258964863 259171971 260807719 261048662 263398976 263793464 264272133 266626719 270397319 273415521 274117998 274357054 280444379 285525568 287791101 289360489 291720286 291828283 292941380 293487575 293665106 296736820 296928519 297884893 298413201 299384843 301550888 302760196 302985736 303496111 304070697 304229841 305706122 307902880 312410980 313016329 316142054 317186356 318271719 319314390 319428577 320771868 322260654 323287265 329754422 332666319 334005347 335980898 337459815 338554505 343492305 346020050 348188940 348987522 349324492 351959546 352577894 353864823 357322039 359535700 360966054 362519081 362969427 363963319 365781881 366681900 367749090 370369961 374526083 376472589 377681165 383899102 387304773 388034621 390197609 395274670 395602577 400614532 408147697 408307972 409444242 412260363 413882094 415308168 417419002 419366370 421021838 421626611 422941137 424024324 426990468 432358203 434698868 435197055 437901102 438325924 444498687 445246073 448370716 449781844 452727176 453518333 453626254 455627191 456477730 456968776 458921893 460490267 463159496 466048788 466346423 470879851 472511203 474661748 477061006 480854716 485692585 485748576 488006831 488570351 492439292 492486172 493958000 494539547 499021856 499038600 500640201 501500320 504194764 506789330 522470035 524915991 525459869 526132163 527898315 529897244 530762604 537039973 537327578 538180004 543438048 543530561 548360312 552307349 556579256 559251253 561031731 563097575 564924847 568935599 569283328 571589477 572883861 574048166 575274835 577738205 580223687 584814594 587737819 587913289 588359770 590700974 591406244 591866384 592109674 592840884 592902913 593758028 593884344 598926847 600579228 601254062 606390141 614810388 616679281 617159895 618052704 620470769 621277300 622260315 625042093 626460041 627474927 627933166 628323162 638188561 638283658 641585308 644525894 644636190 644986992 645452462 646798724 648102474 648630184 649201206 649331482 650782747 651112575 651187357 653910015 655519412 655891537 658074131 660634740 662187704 664034962 666689917 666805674 669804275 670737541 670955392 674373816 674772152 676014170 682611120 683573368 685612796 686668173 690293678 690471968 691539445 693903651 695304431 696500781 697741424 700549760 702019703 702686006 703045549 704275646 705229002 705938999 717547475 721705271 721836057 722031985 725574285 726599630 729414842 731404273 735168838 736626084 737953400 738462886 739225161 742153785 747858441 749295392 749340879 752933222 758258691 758720234 764815658 764984406 766157791 770249542 772823980 774304874 774867857 775422926 775592098 777452540 777990652 781096432 781439605 782920474 784086837 785302499 789483592 790773385 792656204 793455019 793927890 798589044 807039716 809078515 809426194 809756551 812726417 813029327 817901801 818751887 820587310 821943019 821976056 822637799 833103280 833749683 834905781 835563624 835788426 838325164 839547986 840491349 841233651 841946426 842526146 844443675 847112310 847683657 850444618 851744454 853751052 856044996 856584974 856983362 858496402 859197367 859702777 861918028 861961135 863408190 863524299 864182529 867238713 869419173 869704475 876115903 879458149 879703803 880063059 882195642 885963664 889432333 891092720 900229719 900351989 900364024 906110348 907235117 907357250 908078219 908720211 910643015 911416784 911527552 912135853 912459243 917795171 920703337 926227456 926776629 927399454 927834219 930479765 932049082 936775940 938899691 942679248 942689367 944253554 944279210 946582324 948802980 950013844 952747611 961247767 963329099 967052270 968393320 969507209 973132771 978398769 978901191 980266792 981456633 981838008 986489281 987074100 990968584 992665585 992975758 995918633 998659804
195805272 200076007
67171779 348188944
153924515 526132160
31481077 690293678
122868673 501500316
690471969 834905777
215090391 296928523
775592100 867238715
67555974 485748573
261048663 655519409
292941376 500640196
238449819 297884891
221550692 292878225
193237578 259171974
593758027 798589048
531595380 966193474
587737822 739225165
627474932 847112306
307902881 390197606
358400491 561851884
296736819 682611117
770379420 868702439
146930052 247217321
33408184 650782745
168776993 387881199
216872715 477061003
206258927 869056565
40862064 942679246
775592095 775592102
207879167 775592096
216021198 717547475
304070693 415308170
4572731 607839940
20271289 466346427
260141567 917462624
195425603 455627189
618052703 717547477
67482600 444498682
448106673 644682772
111190917 477061002
84333117 969044072
341935641 793410516
458921898 651187360
145150233 549037850
101164274 530762602
560590823 673475430
44886616 139087471
227615575 940616097
366681901 856983366
435197056 574048170
682611122 908720212
7097020 651750091
351959551 683573372
73941072 645452464
438325929 683573366
151610048 415308171
441968445 447360193
261048666 621277301
592840883 666689914
136999949 246914416
616679282 856983361
31481081 422941135
432708519 705266633
266626716 764815659
821976060 869704475
193237580 591406249
933288108 973207631
296736820 853751057
337459811 618052703
413882098 879703802
348987525 926227458
735168842 742153783
145743887 651187361
182646 552307347
33408190 649201202
369077215 751191572
412260358 638188564
46433072 456968779
456477726 793927892
561031735 938899687
80632699 644986987
588359769 731404275
596159508 653705532
298413200 655519407
103202067 488006836
600579224 850444623
499038595 666805675
352237744 550062006
99720567 764002381
417088909 936844121
181080865 775592099
842785529 863315519
293605208 348004751
60241802 670955392
64749063 785302498
71458977 238059508
71458987 580223682
587737823 936775937
650782744 948802979
444498692 598926844
153602427 842526144
226960276 917795174
666805677 742153783
840491347 911527557
117899976 489594079
280444374 591406249
33408183 592109677
214248509 400614529
103202069 666805673
299384841 359535699
847112311 942689369
154539414 192460729
216021203 764815657
302985734 453626252
772823983 839547985
456968779 722031988
432358206 704275649
474661744 833103276
200765602 302760199
16516097 458811304
289360491 690293680
29682079 293487580
227106064 434698869
289360485 651112579
126652569 193237578
154943696 543530559
341348714 642867679
10978247 114966075
736626084 820587309
302985736 705939002
307902878 879703803
145743888 559251250
285525573 820587306
258576423 777452536
238669927 567540698
695304435 879703799
777452544 992665588
230741666 758258694
273415524 499021859
798589040 880063055
259171972 682611120
770249547 963329099
100515396 848098732
126652568 590700973
115288979 722031985
419366371 932049079
445246073 649201201
182645 71458977
480854719 690471969
230741672 912459244
569283332 752933221
110194814 942689371
641478531 818814111
214248518 417419000
83288592 818751884
238059509 653910015
651187361 793455015
151610053 226960284
236138716 248854638
252907450 552307345
478338777 715431347
722031987 772823983
638283654 995918634
307902882 395274668
376472591 986489285
493957997 527898320
46433066 543438050
920703337 936775938
10978248 764984401
144068602 419366372
282741114 553592873
20752061 60951789
676014175 850444614
428171955 916515186
629853542 939702706
251182933 304129236
136690838 360966053
907235112 912459238
131271785 792656208
388034619 417418999
277076400 405497970
731404275 774867856
435197051 466346427
653910017 987074095
129976434 407511856
494539546 526132162
136999948 774304870
460490267 792656203
379012374 544785097
153298068 993372497
212857973 842526144
259171971 477061009
285525564 729414844
651187359 910643016
52760198 870742091
416148820 942825467
207408674 737953401
556579261 587737816
260807723 900229723
525459873 908720209
670737537 936775937
499038601 620470766
992665580 992665586
33615930 986489286
75605353 400614536
216872721 527898317
144068603 408307974
493185924 545057447
501975038 563657458
11004643 556579255
38684843 888206277
67482599 725574286
197133986 588359766
75605351 782920475
40393163 716132483
60731431 287791104
296928523 466346419
304229839 770249543
122868673 351959543
289833404 689336257
84911459 376472592
458043636 517809520
618370444 875377664
444498688 700549759
184075712 653910020
387158355 556245462
64749069 563097570
100410772 620470768
57798393 562924774
581784011 779972331
388034624 809756546
40862062 413882096
359535705 362519086
488006835 908078218
346020050 911416783
777990649 946582326
169635125 721836061
238449813 644525899
145743894 658074132
492439295 847112311
65213752 607726416
6820282 226960280
563097574 660634743
291828279 735168837
136999947 227106063
731404272 927399452
456477733 695304435
704275651 981456638
178574426 948802978
207552696 674373820
707509755 901828192
207879165 686668171
357322036 704275649
80632708 690471964
189198667 764984411
23933394 367749092
649331484 705938999
46433074 466048793
231178084 359535699
101577473 303496115
23933404 674373817
559251252 622260310
61470533 177263014
215090396 879458153
60241801 263793464
75146113 604635081
501500321 938899688
193237581 721836058
575628223 865153728
320771867 452727172
163343491 496493399
472511200 833103279
543530563 618052699
790773383 847112308
207552696 774867860
749340876 775592097
319428581 987074104
84141094 792656207
103202065 302985735
499021861 577738204
644098576 777186716
314545519 454958567
197133991 992665585
680892792 957687895
40862060 66326460
207408678 313016328
409444246 574048167
96331441 189466335
132778678 568032509
90446963 150834818
400614535 641585313
159381673 997410185
317186358 620470768
184075703 705939002
690471967 889432335
27093783 833749687
232988981 252907449
641585311 658074126
73846446 907357253
686360156 734406288
296928516 725574281
622260317 766157790
190303454 794307458
248854643 820587315
215857141 914373694
75605349 334005350
591866387 721836057
721705273 737953401
192273212 839547984
189198664 606390138
704275643 861961136
247134058 908720206
441467002 807007559
598926852 942689366
33408190 867238709
298413200 543438052
46433068 721836055
362519084 834905780
522470033 738462885
150834812 938899696
733522220 806857429
522124017 903560093
18369344 853751055
584554208 836595532
488006831 992665580
397971787 624796732
193237583 651112576
591866379 930479761
235776120 737953399
115288986 986489279
337021294 855350354
67555974 764815661
264272133 649331485
641585311 981838011
10978240 383899099
759411931 960220307
231178091 973132775
649331483 900229724
74278576 421021833
289360490 622260320
460490270 552307349
793455021 863524296
263440605 363321441
160311810 226960281
494539544 574048164
529897249 798589048
175339766 690293674
559251250 628323157
621277300 844443678
101577476 488006830
230741668 772823977
139087469 572883859
736626083 775422926
569251961 675562397
5446150 587913284
246005760 453626252
492486177 790773384
114966082 338554504
463159499 910643015
208876530 633410763
685612795 908720208
425595285 680461657
80632705 353864824
239731598 249109419
75605354 752933222
216872719 682611119
153924513 638283662
918560266 958898373
458921890 772823983
293487580 658074136
67555967 492439293
869419176 961247766
104350215 421021838
844923524 935151163
627474929 998659807
833749681 912135856
733603372 857503870
751261340 929701314
482096326 937716173
102064815 302985735
75605354 303496107
305706126 437901104
626819442 904120036
246914416 591406244
256290678 841233647
627474931 851744459
452727178 525459868
669804273 749340874
322260653 377681165
625042093 917795169
266626722 879458149
485748579 798589039
73941071 650782749
349313578 429024360
655891536 660634741
67482597 891092723
666805675 876115904
357322040 809078520
28612692 122868674
400614532 506789327
294908183 872683576
488006831 835788426
60731432 419366366
480854718 648630182
620470773 666689922
543438050 838325167
246005766 961247771
483736403 838989993
74278574 798589043
538180008 917795174
418049423 686487897
571589482 650782746
214248515 856044999
73941066 926227453
434698863 530762599
192273208 968393324
203401180 733190416
227106060 752933221
214248512 474661743
526132166 838325164
11540786 292826903
154943695 307902880
485692582 859197363
22949969 781500891
555289447 925917596
538180007 938899690
552221171 606043271
563097570 784086834
395274673 485692585
67492943 728678722
590700974 853751048
58783628 111190912
493958000 839547986
170135857 192273213
796106853 939365603
501500316 833749688
585067142 633891353
169971723 672207503
292941384 302985740
215090392 910643019
766473567 792273141
543530565 770249544
289360490 409444240
616679277 995918631
29682073 882195645
154943699 617159894
435197051 638188560
351959541 568935600
292941384 529897239
907235118 968393321
263793462 587737823
231178084 864182531
198203890 817032411
173060883 612478925
18369343 216872713
214248516 387304770
115288984 154943699
395602572 907357250
584814594 992975760
468021081 766093715
453518335 527898316
452727173 463159497
124327653 987074104
633570986 922055144
926776625 963329097
184442444 315569224
699030895 888700891
60951793 627474928
39169774 927399451
125089183 343492306
161567837 399962635
259171968 559251248
316142055 655519412
236419916 725574285
145448704 702275750
594209006 796949041
525459866 649331484
266986056 276257044
258111648 840354954
110194806 735168834
359535700 807039720
102169710 739768025
492439291 731404276
75605351 337459816
466048785 944279212
424024328 841233646
264272131 348188943
525459874 876115904
365781884 526132160
329754422 859702776
112380337 258964867
266626718 435197057
651112573 682611124
319428580 653910019
60241807 695304436
46433065 660634736
84141092 258576427
413882093 961247767
345132566 408916848
67482595 621277297
