20
77950464 45733320 422416036 916573298
413486123 1697112 701264039 936911787
388213912 348420320 771101417 276930449
204081129 224087280 103962030 106809687
194382221 243484844 864312125 363143611
128074917 644546284 495360050 317201833
198844089 132235129 8663341 452621766
543924456 324354445 714729471 847079936
80514957 445592575 741283783 858675317
489817648 232926922 576261032 557808518
543791248 573050291 861482939 849958566
456773379 281085879 826141953 140723172
364581416 60214592 201314901 736084580
246791429 512576492 812650891 789160237
243963214 2350517 476874906 547343767
382543120 536590289 989081019 223002096
86318476 630162495 389258928 427952230
126074361 486004797 13049107 691941916
416073344 130598747 823026436 445116146
419628940 483868978 112779783 989259356
