2000
838157542 82787399 809934580 995706509
521759250 444742469 841948962 445087208
386221003 451337209 640426376 733002004
898599905 476457280 692534651 801902027
777915330 570135136 695620686 562619442
704148803 208901833 816365840 597770475
976755102 796026401 946153795 400044965
294390050 808121512 64187984 26855708
263085126 236719525 522837268 368147726
930455611 634748109 499524301 690761876
328951001 635914694 401221899 62037357
982537165 474099216 747438704 917425629
165635338 786140215 143430292 859515882
104867293 118105945 7333464 323609122
257039053 254823781 141129022 626333124
89735041 673996767 487307724 20165992
532748025 261736491 933179543 195428332
958045421 459663058 449853670 87176838
571577104 415610861 677970459 760226049
153607583 64556717 470163219 332809048
26174111 306646792 625476291 277398253
169190811 83956767 943812526 167065776
377062400 410455160 208381842 829869485
561030168 759819719 331922948 463982354
925490803 950570979 461314811 486378557
214180392 341694447 925188517 804611011
302191514 454933878 409327887 493981327
761175344 289288652 164731746 750832531
523773064 540574195 322744085 582816896
490243447 602536444 195765432 778296118
441590993 286472429 845635039 955177074
990364767 74048795 95750513 458155356
484136247 849831512 665414275 617897843
339367898 125271805 416472304 814256796
948255593 88565556 250653344 44204841
264562160 498788282 645728250 404350097
749145252 551478458 277227169 188271019
169467131 87872335 103647513 617229699
372756493 72914696 80971959 8542186
849355161 130517680 45702665 538657908
301326461 657016119 886647593 126325744
1598058 854446776 547223300 329525531
582924152 732213086 834663962 176018206
379173628 83464546 586533563 724417121
736100707 142588186 414939478 49773394
867488652 122520378 823133171 262661148
189065374 970863265 170462776 58922505
324705943 966928572 408616216 153195196
126004612 422679036 406790397 196890839
349895178 363173537 127659512 882843024
54371136 708802094 596953462 518191789
512849196 267511927 418179230 260593858
989879720 223013862 288468491 297367277
929640159 186060838 547574188 485054028
941233623 24806819 728178672 102674832
501955593 417456814 560100866 515669063
242606658 853853222 264746381 707066918
544568264 472367137 366885987 349360654
459202182 92702782 758913756 396458215
901385583 108391558 580938397 488194858
464133171 989115673 633255742 492334812
984977686 83234931 888898208 594678926
913397168 176494221 284902508 222532144
453513419 953365079 481639181 167409229
922560181 890913873 616450246 885716901
358447903 153790496 937366955 906968924
350689484 218775691 324429940 949147471
969731500 293993927 741183261 482696200
883790570 736336528 87218416 483987817
227104734 169064125 896053054 111224663
567202370 17677206 705954675 339758738
965131894 246613310 576193275 5151314
928232 477749803 616066966 272822467
181709721 513830807 88321481 807589644
528411742 317582464 626250179 256392839
243052261 408710006 166774937 612797997
519697551 402063053 584794023 46058120
160345774 976863111 760760820 857404199
500675751 26932671 43029914 76063890
903690002 265972842 676311358 639967545
176065789 845521869 291123842 684775817
161829887 512154113 266422531 632425518
517922434 596670087 223662931 216273732
672502467 924018172 194475702 806675542
410893420 576114952 370159172 241772728
928359598 546014007 234649350 860781274
186712477 226780483 777655225 143277549
522174136 242015986 922413910 680473792
777871099 400423032 904423509 634319762
361855898 555950688 907011998 755599218
831376952 83223076 169914925 864487556
703379308 686472816 864459846 713845137
69231031 256617784 694645466 298453775
971794751 643817206 141194319 852978487
749801492 32647735 17457440 500060785
516475612 615726978 262643369 333306299
411198354 718445330 19569827 25677026
193039662 86480911 40609609 957691414
212260380 658638069 876936497 591548065
588153510 429797294 149390737 387867921
228015053 72805357 681829568 762280734
455124656 261593464 104435598 376508168
386766795 255901856 345583036 538932277
777001834 224268279 262202864 796398953
420091113 502429795 656140276 617509654
146806033 183631204 934160332 240102125
755789393 872364600 307435138 812285534
155628507 49441677 924594477 812973466
345425394 322188570 174317331 868022346
89164919 154391930 111032786 454696936
587627646 362376112 157095319 17177080
917647226 845675314 256124680 314250814
918484976 506574006 265701661 904237510
403202907 674237608 157380606 269897672
482498896 28046322 983539951 140320373
758325455 897146387 445900035 157856274
184647793 561455611 946908203 352549612
370090698 589295829 120089003 338622930
331193682 669706920 403976412 11520524
970168572 968925632 372011962 655279916
325079269 456846522 777822296 845839376
7112331 735032554 867976513 762992007
685252342 272648471 489280563 532870056
599932808 886390006 987451351 653558203
599287449 509464099 895999756 705025900
28231550 594224358 675264248 272485592
629333031 239527486 184728111 316122968
501510758 538559619 159257457 399698349
411938738 589984623 840657787 817095816
39366715 874179798 919620319 604513079
951326937 492583276 333170886 140964238
135690509 695318121 529491560 725161041
655688296 449022115 181666894 667171506
190102940 652482877 651383168 1108668
389877040 788573703 339149419 821534569
111483900 354787956 621844862 237881108
294566628 794971847 823860648 808439034
60897859 429639331 31894380 91856654
117577402 576274465 861198177 397529052
326422829 669135159 385015598 141715673
728397266 918773036 152441953 887229125
372846262 666187385 560070110 295325921
669209397 148340635 868026601 620660377
313175078 949512320 496138966 26273028
528734369 22712033 251626710 805555402
222708452 284217780 42420742 985715396
900799427 904848686 256960820 885221391
749959703 357222907 484382999 218820545
772543546 924375099 767711575 740051917
860003196 563581521 233321372 221327293
586114087 388961429 490406628 110184923
144112476 87367798 680991326 575476503
957651667 538085928 71914583 138400861
500007578 1430587 583874401 470082246
197576311 270341099 965468877 175753456
318032485 490204689 491262925 790952336
421653866 228070156 960785947 875948202
932643576 885926905 550801130 653371588
587764574 600425031 390151212 944664066
388563333 468006795 328224496 49895387
784528293 47871964 438662647 734015743
192498795 552092103 312390968 37414697
448368780 971036103 222761101 762580908
681083226 489449142 972539261 825468164
295412048 205762088 982472367 111187761
778600852 228826297 495162386 530846861
524489514 444202342 26367165 782902211
366844615 388602875 836851052 844222259
984235774 948954998 353206534 776469512
591006804 780363974 18706406 238141595
360151332 899829617 671144569 966534277
178134258 636969597 765511149 699513441
975875502 347905600 326786158 418162853
777156819 718583938 401914419 602285918
614105931 204179372 952236430 446880414
367251124 491190263 394530856 580202846
661377649 160839782 508977057 556204524
980842256 151353430 594395878 100952026
186709393 515962363 483423204 974432179
513032218 710453197 997363616 69590776
946412750 857744112 71485961 442888405
5732827 454111855 2504520 406197047
942235226 478180142 244735429 495278785
416535319 651675544 53071539 237983202
543998022 944646593 649283170 810132216
691568723 370010498 238410892 951071363
201284161 288304856 737844064 669552720
459190299 605365764 41121688 112079867
544748324 395956326 785119580 918394143
628817866 493241228 128256608 8476084
164554068 362594062 899193524 163388514
641843131 699378576 158543699 235878007
648652733 536005117 879652051 715053129
955680673 492012056 926550153 478513995
625787560 246637768 412042089 404860012
598456898 345415751 478085204 350671684
957008121 356535550 282713606 665920619
785357284 34013679 641347890 922317712
72703801 381955567 622219153 931013589
208804477 681641696 973710805 113700261
862108193 66808985 599473744 844568185
138117437 34796879 325151744 511460612
895758986 398214364 870341122 480292941
293777461 863223858 146511289 311024592
121820346 312104928 223946189 722833141
618312542 642546739 172422058 734237349
144311233 600087428 260432681 823518904
846012679 369515676 379220420 179645595
832553406 537745250 705422462 909683920
527231895 775742249 117917565 185669924
641867987 59656181 686824718 882989059
289885255 4440760 460728084 558496667
227052675 557201683 822826750 860443768
276615131 544998879 397046439 378646247
528318495 366419835 513256854 18456038
312456092 907285791 11682377 435114759
608985506 318811883 924654485 822748080
921702125 517849014 129254005 710438939
622007669 277225647 746825705 434240927
34575554 335190171 892806962 905802923
103539435 185791049 309073607 928824205
484721013 243860701 50508809 176217852
741882299 145560421 638967735 446885822
345591590 113612401 405704751 287358508
21970264 229161515 637390376 583452196
510426345 492876193 972708300 450408406
869940263 869956389 326648221 169657018
985632670 105996610 354419684 700842049
513378207 542044656 729127552 562163821
891705688 828014201 675285105 505019559
546791916 966495552 664831722 522637006
315989996 902707015 391900123 651495809
274284832 582072785 60102853 531895236
591777487 61011796 910542563 56665786
978953039 309879113 570159457 187428724
494997319 573968415 162405023 396100425
903600191 892920869 343537302 132086143
90218738 157559684 183427976 262250069
182747466 820934591 207564711 275736543
480979336 90379012 438198416 507744591
434992837 325310585 338499777 7731734
584482547 44220580 807105710 217326184
437803795 314685688 112702569 282330186
106963619 577398020 824555611 34878170
102759848 907326888 758447182 813918188
406398952 55577866 66663262 560665848
14413532 314838582 922211300 775816114
983310501 478500889 272479567 586727037
891285318 26748035 776294504 856274330
415532404 200053690 145821096 225205607
74064016 757143566 871243891 896651324
621964289 869232275 639097790 729833057
366608713 434936297 111965436 303740074
845179433 581568425 798410160 165468829
554788505 424262762 890310975 515122770
253547448 981736340 556967492 568365732
967482103 620614671 269121362 575595347
773486984 141953960 980348801 54597577
197511196 571614825 213494112 111002403
86394445 727370961 381326198 357312760
510871235 439915951 941747613 409094621
488037151 425753368 370323627 625035129
924743727 972672956 483882058 716151485
548016272 879806801 491551796 807092292
40736457 670363346 454734497 818160665
486184238 398482041 599652143 498424591
463468140 469906175 497275516 125462023
58485670 22096346 941517781 225266760
347085350 6692095 757371822 756719362
419106491 763164142 886399845 240345852
681852701 693080770 729687607 71205605
127488423 475473726 46131597 723019172
51151434 14548257 861306153 165817131
350386912 26592279 737308466 471437626
547664657 984382788 725297767 874510291
806246167 60405862 518565013 274912051
550496779 844541849 123976931 629695303
421163391 918688365 858977180 693494413
232681648 668543367 853532610 965504535
246212330 862429790 8414423 817792396
213427499 112398829 784615644 349342572
863907082 144272810 311247391 658588547
633925819 641657647 949314329 361605918
541062373 221762289 79866782 58243680
164132446 274829152 212416942 27002730
862817100 936062139 174699702 925899912
757748229 741804562 571115564 871315607
749035468 331530219 116935027 16783237
931394282 927119742 547031106 811364492
290131257 412077680 51761163 265644270
291221657 73814087 845599302 168003174
172590430 835051106 437837767 874825431
248222769 246918873 141109524 208089142
707415104 454833831 153291478 778758528
76257923 882431658 105668092 483141167
940008699 9552922 766613849 82150488
421050631 960240460 406429676 610590446
775804185 265001964 797117541 355374303
491180345 541901224 906564672 772319038
845014717 769085645 167983588 520939019
608110854 663050437 540196458 653934663
386370695 418567207 515073213 507031447
696497004 847957340 746292383 625299266
593896411 459464716 371359716 394046951
798111134 565453280 746931990 404550069
760933749 466200160 59250708 352682291
939483077 648359217 926332673 670558012
252725790 926711098 125631559 832091049
882978849 545815438 758311674 587951196
127309848 82026254 657417175 986513627
156231249 815901924 691858193 285529626
449946783 788817694 950125865 394593368
752335702 637997680 903525647 109778280
340893968 714720866 873301393 780414506
588242374 3558967 248009580 46448535
845678777 127040823 501914695 182846820
683458270 470705949 399473868 386714441
535170553 817464846 74623637 585159216
285459580 480533943 689485363 794003304
582183834 664681499 289793663 759529811
726245806 935519352 736516613 28980824
323191262 171747196 187030889 584587948
739181733 187576989 838276643 270112884
270687329 831451042 543207861 518913678
855586396 194218184 971909686 581553349
346620269 102381470 389001563 873834038
486280627 900984533 782266665 468006470
700950545 780673054 8074445 416720241
198891454 726856135 842569433 370351949
738150259 126073721 637225508 791049347
193666965 248027382 266087294 909986962
168314834 223378855 271627814 146368375
944033711 731976403 255656153 825441505
48153244 284248637 771688679 461245711
243660109 237444117 712102234 236786509
683212631 849855859 407062268 728810845
441233544 849577337 475327550 315272989
392828813 467842183 732158579 965115177
215901849 784169917 794844066 862540405
457683010 831087689 706178552 789719548
338861079 494268500 607909915 197805689
59449206 265484560 669580054 232360400
576127545 742571941 317789072 993836018
632116034 451087194 726623604 77536091
857030186 371662141 786779282 153164613
442937091 689634771 369195599 83311095
831362986 921946094 266383272 808992581
743888845 832817955 266419728 255548584
788664822 112219998 375503742 741589341
925113502 556384145 625387671 641441889
127183773 605342504 827776189 475497692
666051029 57348077 504082584 57763193
654198568 487600066 98680231 549752355
633463388 577339461 680014121 930873131
583201381 824816420 738256181 701911208
964275987 21575762 222545418 549034206
972991503 710332446 392509933 851503587
80745640 386806403 800098138 349793338
378917378 777827036 535403584 73833182
414223965 747583082 512324748 815202134
450448070 867763818 470679459 452210091
551877155 684368363 215206676 795773851
725746305 123170500 929201251 358286240
693665533 721514012 86868170 319452888
257201225 115458851 227907678 606634902
201942717 312052079 30340607 675524131
931638689 721442537 361765255 980767108
961627888 709450735 732081921 629210176
231753746 134898239 95613251 415747058
245035115 169156120 968098673 846004811
26325582 966713345 823593766 35743393
509912272 71490957 38563748 298607146
977546870 545117937 142510614 746502373
159935788 932983206 756917357 280488885
990816792 580468467 708131765 157812411
275177892 944494454 128406857 962800864
547183897 312295443 688603841 587120355
652227978 270794934 567655785 500362034
255258388 444075322 558491211 602271408
347732377 402274459 607381414 542649334
890023247 56417677 534387988 396580566
21236394 606346263 151875607 935047041
976182270 447059993 475459751 819468279
209027610 621706843 227876434 554525653
908396339 398670456 800462675 131509554
631803717 54253570 783582380 138991167
291706931 137283082 571465581 484460160
941666570 674407303 202966490 717562710
448107456 295648339 313286213 520182785
469464321 172309021 808341093 406119491
187605041 533726943 723136093 405856676
644515855 977480802 768424067 1721636
822510688 919051249 12347765 142537098
648337523 839615477 439565612 921157297
707808313 51521576 193283967 255602735
238893506 831830895 521990778 591475219
563396804 310806498 457644988 170270385
854586046 186416007 995576704 507253820
545307507 933761516 633076930 355362999
370207623 233423683 940149425 54990267
470638971 532235013 494001582 435733436
161832287 81102012 142804115 313623493
273308813 735484932 725472559 987430381
573077526 355424477 166346130 87396760
651605317 686303031 100646340 126497093
491514726 186107319 859671226 406438938
965847304 593978567 343962803 654851436
176262425 576856569 155123221 544090077
778531419 429806736 183147021 821024229
815977483 862145144 608289218 619174149
671509392 670544629 72951274 373490236
955182943 364054861 28311663 997282409
863345296 833429680 999087978 322764351
339104433 521171544 177506139 156343608
914739945 532268539 500193608 525163749
898119292 244191328 121298381 564235533
798981490 706414871 507278254 77853196
768081331 55550074 66945360 379627417
909095469 244203869 216982636 522684315
363154204 374329142 451280538 551184477
54221997 795296583 850199516 627387529
905227797 485728108 929550325 794578719
929168924 850484948 771507648 895021063
620076304 568167079 531570872 534406949
736295380 657338589 573279080 636016820
438656991 66363347 38699387 788943466
426870870 954245815 295800000 296891335
592818299 930209230 900185442 938547545
881855524 230107963 731489444 167507878
755049253 332909041 940998760 5530245
195587814 329607816 610406987 865825932
444755096 969699540 14589148 170545955
980022837 474578208 744401944 817909435
139987738 950607075 635987547 120772893
193381551 495314584 11235904 347012102
854025941 720555039 415025317 37497583
663214322 297977554 242341261 352641981
799379630 757462532 950185204 424155136
838374345 38838177 785279178 749562325
555678440 486647911 286127796 292510687
967991083 263618253 276538903 109349191
407521181 149763223 949728826 713325638
856863172 167143857 457710355 72087136
831156656 314765795 101017921 734456260
235714903 13582465 659658970 132498465
438863614 752029470 806475344 963608081
11559559 861177767 368582999 750051522
38136099 505175921 319445244 266248378
916444416 424882841 954745864 989142961
579616903 193669580 522334320 606696829
940385497 845478911 351543126 926386798
812820791 237020178 145691443 532114541
542154168 844768404 944666777 11479957
609232853 165202260 8278927 456832704
206049333 125886880 818344240 828315670
100778303 302413575 527228474 654007312
130199280 786326934 460843918 103849142
391753859 898565128 793066974 613097608
341304 442299992 231884472 649535023
151500553 991138734 848253056 84340357
324904289 813402344 329451279 730297999
407531111 464049671 907925059 8860040
32028689 676994921 847611165 746524050
414351836 163843918 432728139 884319766
153221109 889604649 981283886 899605009
41074236 345696919 20448617 56481574
588537003 146565389 625070722 397546632
52008284 618967618 890996319 126245539
992932468 690773383 596937313 208612360
904083721 814675051 19206416 672870039
195020555 197073032 887243690 767604820
766056205 176498083 290311416 592400203
165102019 480990119 417935099 615131870
725358262 82377453 973760113 479477611
520403937 44502409 576628799 960981105
783338986 885343785 867832680 299076583
331270037 541864348 825554947 366310202
797294951 558375789 901539815 988896207
683289894 62542315 365251575 825764750
479687419 32622241 976924036 374776852
332687718 452839982 251865006 973411291
250476573 164002133 387526383 77139256
71326163 187268113 288210774 665554973
842791383 481095030 634962059 880354785
807905901 284694587 837678376 304850147
359418151 936422218 34113487 801948550
99059418 618760331 800933200 955460640
790691226 157771220 729338387 875717729
787223353 339699617 432870963 305200040
803802991 468724404 40703866 204125314
13496828 144176314 199867954 711917731
601590459 641115671 697583939 924015067
557725509 226679081 899826178 732027096
260668695 39804530 438610264 640777414
257090777 236611058 506329491 449761965
329180685 665185530 418888651 769726144
542910871 673520843 460899831 665258658
310404853 458507060 616869863 190184762
609096343 512793678 728575175 820366334
295256964 428992506 894775523 653694894
837068948 839513751 403837005 659755660
476158807 386672786 287075514 964324956
964110582 48384715 933990891 692354405
404652461 666415113 915318555 123713496
741915388 86828009 494171092 605301742
993569057 382061820 278564575 624068899
168564231 439856809 770574686 307616439
43383618 833679621 970506293 972234552
452563382 591989469 390934198 540762116
21161682 85353038 617221702 794976596
124001738 176756625 456157726 392280376
367120493 853887237 508909211 38756407
799239963 787857268 540127436 806582344
550937837 877009275 572843983 894760461
24271906 368042288 819171665 43964239
914769038 6990273 266320506 215600813
49695810 156026256 125872624 7119438
483985814 494742875 321141436 515440823
936607125 864520563 475308650 381159084
518065374 945348073 99699215 647625659
559301028 119380120 621070489 501762082
888342923 558947350 6783073 422094091
642473284 834677535 41250648 176821429
107102176 434550326 667396091 465934351
536519663 363678349 894995689 81146669
751260839 496576348 524205877 354416292
651611700 1629689 275333718 706361634
715638797 144358430 813646366 761292541
353625265 902609362 876300295 610944750
774487286 358096439 153004461 69449240
639465665 356334124 870900494 832847213
365329102 465991353 117066020 123570406
346317622 340796766 53588338 375935994
864661928 180392802 954051611 392693
341489870 121953798 962643419 111565963
649361958 55456427 465227578 28524065
913293025 622823448 553408418 99353143
951629399 812820017 742724608 321651139
726232012 478669608 50811365 779720175
590693647 155123876 150844385 894490792
873291458 762789532 311035196 865753339
720841218 594994819 46270567 702016792
669575060 452836816 512585749 290704833
428242521 671280544 704670330 145305916
470778993 355099112 787582854 306957806
290448704 550192410 804500736 512878613
793163372 477157288 191502513 589644089
658305081 954314968 874152659 956729113
697360795 203253174 249163920 237322067
153305143 740356097 253737503 606176713
869958492 339217675 43231280 119301465
113073324 896758311 169091761 60488319
179720501 479322353 700550402 421473761
619504708 517428490 450196226 435824796
706198557 240121633 940229510 658861181
1571264 878258840 857621950 44155651
731487881 598934961 991525939 654864146
369016156 576153967 579880791 890507872
368435278 870103327 593051418 300156463
314102509 137302170 639983073 748022072
194989220 391763759 504130084 132037451
864894213 140884775 38780806 398325242
328696909 716936335 727085885 156288104
307193827 968074437 749049235 611789830
232252485 831326012 224619493 497020279
130208083 506825594 178322714 314201209
386363824 359322943 40216305 534839100
383157225 518457965 49655925 166840328
731848575 102635605 767863915 562511462
423211600 576667485 271822295 734815752
50057839 963168183 131860236 406232370
217477688 378407073 158761602 431095360
180832318 955179233 628668199 574391210
403773865 990193823 618729705 129631452
109708566 231503091 829867924 959044913
339920389 426486453 803998808 625042317
964156308 31005009 740517666 484026207
742750091 299782688 53661893 543408151
292233520 24081736 731698056 233063445
816876531 748160680 936725747 462952944
727011375 557645258 160934516 662645270
407151701 365844370 362482376 559924018
582918186 336690059 669116130 861866995
53011194 700256399 627086187 189217188
350303229 955796276 781213813 214163841
49484591 340973143 189210960 134896715
396611989 695976427 454341551 226488579
761199401 456605052 134695425 33033388
329116673 500233548 581631122 405364259
395015213 52226763 999801879 438965257
5539537 450896257 656268845 697804175
517930926 395281890 988357849 189501129
370588157 955422745 298151101 793314256
414938597 206627416 357779560 706221231
739269350 636796063 870815722 44799880
675254418 302620587 116217410 918948281
87937656 824725413 676419236 844149155
595356314 320179307 979944863 754890601
250238889 60002467 743207909 134209818
579800127 848520890 838823120 344571143
726913428 731701523 884749676 438402430
369768242 192061768 502641710 659869778
950729981 573332039 898068575 740555706
755603159 670059645 283433586 898445226
810447654 671496393 925250784 924563294
311336124 472311641 664399127 324310102
715824691 882418486 29669938 832448593
141021485 170824793 821996569 905255534
564609839 610890378 757106403 834607906
719644421 769104294 993026110 931711011
804920909 126587442 297392497 994624560
396467039 284851454 493614778 336997052
792062328 40643509 935475161 858089277
621706180 713793110 871558020 519862229
629756102 264239655 39142227 200762424
953387817 145140775 542021349 826000691
87207940 168587246 604452127 307651493
988020041 150241429 796091429 392517472
187225020 284688087 288206368 893943767
749710772 485637053 498735947 307958740
122505682 545269108 714430790 400537464
571256325 324422531 861785643 186970148
68986606 502085173 432254887 929574276
373843708 735105304 866281804 866433429
186160449 591345998 122646405 539086548
986854121 244520139 609145311 94485623
773166781 951262479 881231332 456154676
88053039 856182729 892747515 291580623
236681107 492011280 795108573 357590660
295253250 617481212 726745806 701878175
740077973 667526689 784843350 75780807
921063881 968629771 239457504 324258129
263179619 181508924 281871957 619359432
502843528 252249195 425203697 848767817
636205412 142166218 440126600 208538830
686806944 957393277 6167069 702377463
778300091 764776450 306981832 129244534
225354026 808701963 657484020 81541577
347753942 598650548 139741120 898445629
726053073 965792393 802534644 163277428
469202560 274697306 644364614 502149667
552663881 380025705 681431947 655424008
663137596 406178281 550723598 305105953
779458897 401665031 637020320 351475942
112332763 443552556 856418906 722100058
549507651 105480610 829739233 540113690
172369557 16979552 368439317 667848351
959362104 52216615 308570048 511814094
724401316 934533561 709914716 444739959
524992053 212815990 867754587 510465554
302074006 890840601 223121513 3790399
472504839 59509772 924130432 606595786
881485249 697125501 409374693 226556178
134858752 926659300 241760307 322810966
748937647 967367010 6199463 577370340
449920886 504786233 398437736 345653814
317811558 713377279 397801248 135782964
320677557 58880496 167645518 911937739
932506851 942474768 415165321 635876112
11863737 587436148 297514970 65286631
312159491 667186450 973426234 325214441
597764684 781933563 926930493 17675999
8893613 2998006 362281384 54218398
938524677 960247197 663412887 725036122
930239186 710342088 789749892 639883316
893732657 559004972 101049052 620935570
924418262 632095334 140051019 337812834
760026788 167487092 776440652 488509570
149904680 880245101 667031366 297683988
768364208 861001476 537682679 901502040
57935732 11626488 395309480 741058220
100215720 954590457 516453531 380466778
888171403 686111452 762100590 129236084
173326110 103939579 888543540 564857997
535450571 299174807 454600099 222419171
35070824 287640456 688880449 554499147
215369110 528216366 686554891 792407106
20284686 953370619 910039839 352766253
669393246 411944893 998652888 925430627
341688723 500618040 457540200 824188158
237916543 371629779 601139259 128223549
627692102 375704042 508665751 684731535
671198927 761544293 928570145 537563157
386049843 379418365 350942350 457340100
207187280 700282217 189852863 903392265
652225192 582329423 868938163 609745949
440191097 29849989 276270799 632506197
295439338 915596666 360614066 880735240
691216503 340196269 87548577 147124282
560205225 333486959 803337646 358301758
687324740 804436322 742724913 891826360
576167641 186452167 476164796 92111700
600525425 509819773 718382374 620610872
323571001 220098099 116409664 363519102
707113715 383213683 792948996 507953492
737754321 684997407 389245993 410977344
458976661 571326139 833096896 492856004
452013712 970106361 252565576 860525653
807170526 714087061 704398321 504150274
458056533 421184443 31924398 39252682
449158409 629845976 454970749 297566038
953553877 431552460 948771571 895049271
275630451 609648257 46434471 12222052
427749431 860856430 264887166 896724898
890810380 344429784 865344511 755969359
662091775 224810418 509754936 334268282
447883550 397490301 712894588 835598165
478288124 545012555 31721898 935337565
433542672 540322042 150509708 517088388
713730030 622516034 335984589 545102837
351235659 981084642 334799883 674333597
90526243 764539192 921164749 125061149
41521627 712520354 911676969 772688579
206869746 650201780 163800293 647259272
888386758 382571582 874635297 487321507
140813997 106504951 894139153 895735029
477751691 243218001 397706868 356344582
942360187 527625467 317381259 588936726
796080017 898249181 587857659 218608784
360962171 410197927 293977451 68137263
568786839 723195974 188176184 777355050
507476862 16537048 495244607 856786317
64685028 354733105 801236221 333578490
8897762 69920302 361367925 878961216
556383069 309050849 443430973 500116663
925569191 687088584 36761859 158467115
914715754 465966955 863782043 946739953
475317969 13741904 687039592 419595668
77221140 236141414 632099389 845969890
254793592 709438389 144790415 459199246
912744837 796461018 446740755 25336309
492016737 622934080 879221223 944740833
308237595 967235319 319962338 529896838
49242297 666328324 375735471 59289690
951647937 557626301 580022903 135123114
77456613 528947964 779115380 169233229
170431213 525087810 407147431 518740450
159545442 650176101 209598197 28301214
914726319 94852056 315564151 201173869
48977475 94510349 226633601 925948753
821530003 275500764 505186097 962180856
446266634 301591258 110852762 829758622
345664593 599138262 482155481 595236490
67167877 188919850 300002804 52137449
223250501 585533739 902636602 146952028
596364722 263220057 58529538 68653112
841354057 387044223 221820151 842977945
183439221 822721670 649849284 878292643
338646557 310071475 430479724 323557886
372658735 222674256 839653278 812806849
194082597 3705857 624355142 28575409
467588491 697628789 696333663 627974628
229182306 546883603 125926070 614506464
753498194 302197517 990702266 94515113
147794132 771511440 566084243 871253629
187124556 721910472 968019399 794509361
804191285 758730435 977645965 857628543
249191601 6684647 672575464 809180096
444538056 368242444 791620679 741575332
734294139 969620178 83779585 594198624
655941508 882401143 363368908 532354282
42141005 837562973 435538750 746552004
392963334 686562157 839694227 106258744
40916340 20328843 634114228 931644849
95138083 640550961 469828873 610637330
280255049 578843744 481528470 818857434
506874848 438938640 144755595 153356313
569408065 199085252 665493489 322908272
73304045 855954883 638185785 997648322
237822836 903901123 2174810 501515291
381650276 183125118 950766291 37220396
909093671 899273453 974089012 315225053
887524222 602932845 378341044 523377775
798220 342175699 378344610 350991789
439136688 658779867 436924841 837438409
133136733 693601061 303492600 489645092
960543551 134131709 644288907 189871971
809110019 88313009 345573159 833595312
972074111 549651505 376893135 439473793
708514896 440066187 974068976 835749558
444248927 532192017 287059301 158007563
893971223 109476135 719957837 292667529
531757563 466660131 521292447 464702095
938731683 883546414 966379998 595671176
255134017 872730326 29821794 230691277
785976284 686429282 904227648 635886087
810996885 246005140 447880051 569514980
957860521 85173165 994161321 935366955
976322909 228513169 680292982 311711841
159531827 371159204 84818263 313844825
161057248 273611595 259244757 737545362
639769449 475266031 908507511 537585796
820167346 324408389 125521906 975625673
861835891 735328663 614621670 440865813
983700275 262139240 898166224 850343745
362380529 487769407 771810753 321329062
225729384 162628980 566477681 427601164
176912668 531070168 3743572 75421057
148289345 771055683 478173718 362019341
488656681 202900898 575821032 359348324
819943934 864473819 536580380 812920636
266682268 232151243 298865645 507335673
589089280 718005070 105377255 867289966
288355712 645499336 546581172 186117116
541641873 570575820 266190786 295964948
260037268 355390945 425517159 427188607
352925584 508255330 139883475 431175167
390141189 529294324 655887562 6885496
778687610 488301553 641615736 363313376
884157677 36292955 517409405 59481239
648419147 639107423 949820623 899140081
414322978 73568053 90389011 915603856
883289766 886201812 194412077 839499599
952190207 657188105 923563632 536496763
743216691 132943158 857752223 1638401
565878606 419424234 25578537 219370498
888203122 918335206 344653299 743971641
637567558 855063689 496743358 420265154
398319168 311741555 559577176 251638978
895374549 839234243 124998131 106246668
489444997 477580299 399810304 212409617
398709832 264866136 600174827 54201500
546702667 116410113 545003633 976369599
679036890 915615725 225509356 754627942
811442866 259631459 705678231 327229565
667572465 837505427 482232128 572436818
853913439 484910154 650532606 7977303
416450096 545764735 737525329 417779701
54367722 64721148 825157994 34329694
695687950 248210391 787819817 34977393
752351199 591250565 930585352 625394741
845755389 129128166 953691985 773857285
154519370 530661281 570522805 775463416
315361911 892002235 334030275 515984272
408344483 456225024 497946586 77928057
379844425 165067619 2768445 238450094
800935309 502588774 718209861 778709165
84745014 75655361 754964529 149550127
42676306 277123758 301299358 398664243
526296619 333023986 157012490 916975780
942469400 175115346 338389393 886923695
370858062 251367191 393796263 746341989
731664473 300279249 800284822 964936307
34538737 906862359 745994636 979620798
978402694 120058910 948921407 256332479
233436300 883208846 532779222 714094776
118839001 423315934 753969066 210872016
17036962 201046316 277078652 251052850
177640206 405297583 518022295 742005243
772329432 416315120 574352813 973596900
322679747 946106697 309738850 254460926
661998723 275970319 981286815 776772891
195835899 658931727 571052175 64942781
866491448 583747543 914190592 556480025
856895227 262282079 411041548 928814280
45224494 694410950 563687307 287382099
889437998 934923077 996082222 471087517
316924790 877817971 323015981 888835100
909846588 724979561 210087823 643786754
958053779 911050563 616502027 263563991
430329224 592396341 140243168 265842132
606739853 851891306 304486910 745753659
444673556 584225284 57486225 56812770
437203217 258921408 739884564 179871729
488029841 897749853 138112360 28813013
396350385 248756088 747593240 796256271
111625409 992469555 679690984 438774014
770162481 902681034 571447425 13167956
456780444 816245558 350631181 8603668
204089917 101392834 391834083 647971773
345892242 764515952 28457552 797145007
939055467 850542310 536643385 295508461
799691044 693438702 889470609 496431193
47961129 374783063 889285902 829223151
745862274 343243612 296329016 850022591
148948717 919852915 968227409 139026426
159516735 177774585 246839317 828077505
185855645 640564458 646787490 114978998
554865080 149487335 666375343 561090969
666784869 403887208 170652580 357216329
597408997 316512069 279286640 987390066
694589840 246455988 408579362 404272599
117058761 631093851 125095728 824224498
520421679 507718253 720797833 5419308
951750279 54943777 690077388 207383804
641502290 833478478 869971356 302730352
497031653 294076945 742153431 412307368
945904176 473523994 130791571 775098416
991295799 800812036 738116596 736783999
483907471 296376388 141541344 178259743
286092798 349365280 362053043 876422481
816487470 117090617 872321307 397597315
932665021 650466341 992694921 373236555
377604541 138198318 217723393 406721262
798147383 668798961 313575636 536904084
897920148 303508728 450715628 137277230
8454377 186367647 204370922 455024924
691182432 414850745 167770235 472294476
889245590 801936979 808783667 836435541
491075528 868669186 405830892 505913769
978172715 213672023 35282345 969143293
825500026 629576864 507588951 316773584
968800360 95118899 562771504 691445971
827548119 489000598 155342474 252810740
35520384 487656974 822098555 338873807
989661563 561027921 2749958 315473095
954575417 420590546 872319485 36796212
664602278 512896011 732683537 172321044
945498609 228653273 512131651 917600973
292590589 140518639 741633041 238078336
909434823 214496589 899590377 218759605
662127200 924512438 133817602 292526094
153023602 47364053 940467410 718613469
272939069 730683998 603822703 172887395
360025435 498404330 602611998 974597772
905388013 762427551 6544422 552399167
913944054 968123112 245248603 881246843
929474626 189051310 683893383 370020065
936652951 734020574 845827128 624891104
901562536 222184201 389509388 844550333
303337693 607563646 367681627 443026016
623928054 57927258 578507418 74648814
437052816 607186259 992255553 104695162
585354737 302782668 833005353 655834544
55955681 266023974 75213346 676637528
579379956 584726478 603468282 964884691
1522930 432995793 584377512 624844364
698483345 926433187 430147716 416877798
453420834 387069185 65752365 179942711
622796859 541653058 94073046 503588128
687203579 504885957 57939983 13383629
726076812 870076265 626739916 879145743
378268447 350718109 289831488 501208162
201591187 265966826 53147222 719320003
192397642 826693338 285236832 13291155
402253972 76390714 203645068 946758510
437559883 815661778 494798630 899737203
313590696 567894084 618020392 67502140
611665979 29837762 748222990 277701135
316961827 399190577 690605824 339171656
493231979 560520878 344275980 53565665
196494648 651821759 638846037 657275223
838246836 981622334 609511571 844971062
598979630 399398053 677464684 7188086
717122421 215550164 499578965 702344497
166184996 194088575 124683531 386087505
524696710 741315653 32743177 910799647
922426817 290461175 743226775 121060094
408861434 585738540 97801157 414162846
525975136 232872581 243127568 621248168
702371152 518644029 214519304 81432005
135417538 242009584 388634940 68179465
550944266 620546438 596830046 844167203
835275487 375719733 752599277 801638399
216834470 875214078 745116389 947132834
346752666 28348099 193770441 882006017
545411083 672138984 934142207 657815520
239450563 258653563 570375502 645655403
742955399 174666781 918567639 833491383
241677094 110438045 937880935 679177698
965949519 516728204 509020051 4147053
954159375 963101428 560765796 904548772
784291534 84334992 366373097 556561925
773296036 170623290 115877027 473074281
339914796 183895491 806030771 355292775
734479844 465858258 388569494 213884424
836244429 13473764 509427704 708086317
948660563 329883902 670054044 329125625
411478060 36681873 279162760 56817994
27010309 898858095 771819661 508987926
969682323 526204518 484116521 554325618
267328055 697743330 497795544 182826718
7075431 44974817 477699063 285278268
295969087 340462621 70878733 873308851
202341855 199316676 827142931 349368784
652609887 436459513 69482240 364384473
316120168 938062317 805486590 754966500
536811577 626763056 121520221 517170084
464897462 283217813 983847388 375085440
208656689 411592645 343960275 810842386
918119034 697369710 977115393 421475863
248161584 492560948 146161076 368933739
765337177 976092844 648238913 998306431
180089790 267801139 990519622 295849209
292374562 980955984 87701461 188500280
589175513 32507473 467247758 486434567
127993164 131065958 634731874 954198971
495752240 97916730 673338294 541503721
65482212 539490773 354367349 652716964
855758946 119189160 831811696 484461430
516595397 882826602 671412365 575874777
367124211 329366820 662312270 732348139
26468844 773413078 768231879 534427659
293308701 308580879 761666820 50872662
182405358 334856111 168347978 118586196
675667507 187589760 817603735 210670448
703992065 358367669 189622686 614226518
608798462 65429086 749606583 666453706
122197033 420308309 226539534 534898181
544391616 776074105 66683592 992045603
503280337 364322390 742446960 109129383
418714366 276611244 280846481 465250197
189860089 636378887 399203427 104443789
899271182 884672884 708851559 790849523
77595700 160607566 741561594 2556093
254453015 137044421 58603482 625059790
98859934 974202552 498041089 202033469
865689829 141246864 984821829 380936006
945214994 939473417 820013627 571779275
95107853 866278199 269376461 709493948
668550781 201721091 113285336 406387954
648901315 572636787 683373387 624337540
894992069 350460655 322623736 989332019
841635289 138974899 186185370 921204281
342040032 880237464 224384115 593769655
254550289 433649768 652686836 37215496
315257376 874204096 401076755 948765721
366305802 748033299 566061718 943519870
88057202 833025970 643952308 581970296
713825247 274206533 328203781 11613435
217671673 913489832 71131279 48731310
589044013 796842808 753862818 27692838
893189990 572556153 40745348 785252709
755541702 736649892 875455359 54351431
406521906 594280171 966103084 832342898
380556164 866594712 594601303 608479827
904586527 84173598 306525153 849253514
837824032 894648284 852791290 838365146
693198251 383696985 63092890 544880174
851323059 244471104 637674429 995347424
721294664 873505721 665685128 41279399
227185246 442518483 532244689 717877996
830489746 348083379 292962010 990344751
367647357 331307535 704349260 961284566
574662555 920025035 693600700 555625579
697418900 532741116 434465268 970088610
720523925 120896150 628536086 525238384
760764352 837619100 88553321 837914370
735915222 468814199 76580534 991922442
749259070 181461327 708896886 273519853
475043938 321569401 734218660 577399888
920597544 502281598 433584280 529443640
357108192 898786723 756144488 215264990
310478209 930242289 12328915 631548863
879590888 494232095 91143123 53726361
699986170 50977578 648275031 331127409
103759383 479385461 335277289 614628314
558711405 180827564 199594769 925776017
615008739 213487267 870156864 148836283
763335570 465760161 823119836 141486242
152977370 64398942 302552474 414433142
413944588 241875605 627222492 54569029
718565732 12564159 818603932 770271134
128892827 801643082 178321260 721663929
974411170 485743185 561427814 632836920
816383631 210072529 845879458 838673001
178205253 903024252 160828892 585539927
736909879 327666345 167920290 817148263
470740139 285626001 3819172 226337673
799818190 911634657 959552404 121199427
347558918 913702508 121066106 441212027
606851725 799937251 515575302 681860651
337639163 303409697 840909125 16055354
740307774 884954454 94474376 583815228
610717030 279822791 25517588 979913556
79371228 567394657 178931382 275498384
360886589 281573418 69839580 846450558
466348265 85750264 107623867 784813112
341214832 714844022 361162883 813037926
789814642 907047784 618036065 745838879
801992145 576938860 757507399 361326171
959837375 881139607 650619006 623160036
822822223 619408718 636129455 364074806
608482394 347297559 766621813 754035577
879802355 694540329 510183015 349925974
672721573 545245667 207684075 993469981
442642847 233359406 481105877 498177541
725315654 98337434 536946544 592193154
616750602 806393138 356149721 582422608
193720576 983751487 559572001 590994439
113868921 642619388 983168439 977193007
180116952 968306645 495557297 233359816
904150277 171963924 453889039 595888495
840058631 422239974 373566862 840121771
307525039 232435337 349892065 487166750
633823472 509901270 664649735 101895040
655617028 366415385 196896168 835193308
447397941 597023502 47080190 124803597
742489856 376613718 224767432 57163128
423281123 160497812 477091868 877741306
720092823 318459632 104642085 899015761
672024942 807478085 82686058 190253806
373081620 335139646 835039427 673007046
393758302 616963246 161420765 758379362
56232485 852998176 13390157 792966549
301066759 973367402 719341377 833889805
830128548 509627762 24777518 226808008
517637760 339722676 283585335 820226617
190500554 731929849 917021569 547003803
458600078 564446956 60594438 638118132
705670078 552839680 54218807 161513118
462541603 68166660 283282886 523179460
811856168 644266308 602678151 774664449
401830011 907627104 577229063 638667368
455209342 40297648 522108075 10112251
879150108 681200519 145608929 526666583
175102711 797339346 587143480 70382593
733595142 662559608 695156406 951758532
641987227 397014831 616702831 7187749
46429052 295370553 633221576 209601114
271949003 495170413 528806395 616216468
702513024 797456255 684800200 605670476
187021921 901856180 896221564 478423584
804370387 655223983 979999331 808080260
327286507 493134879 231138370 170950627
2506910 746528208 545902804 638646721
408270295 82243984 476803820 633692339
499888988 621251928 225328012 191581773
806505887 781942670 589936540 885411869
259831713 169665781 846544348 17616452
9174461 764144904 629720238 949856311
252136749 117374006 975522648 108621975
794859691 467229653 692993118 121693891
892984735 521730263 311569563 113641720
906038232 356890336 832388433 365591675
554769210 143084618 62670329 525934213
538312500 102135007 756418688 305984448
464580776 3362263 671427890 796279314
543570760 269357248 876928122 16069801
356812053 484849585 54181815 433616195
508677836 972425742 173840045 850724304
352007442 11040687 56491747 223340003
226072246 623817930 436551856 685342618
220180271 532543149 660103192 706810127
750780104 337900903 855243103 891583865
349412081 944142604 972160652 778353004
11162331 109734114 235861218 622654338
646224892 80856299 822191883 527532230
221601447 380018239 921427288 919325934
942881098 219298632 719112012 664722626
313058247 498252133 260313781 943275510
131469881 468847100 662147645 542293299
200109942 197851409 190314247 362640544
464196973 736791482 255367165 600797546
416631813 766949724 44398410 519196782
54649913 854757947 347861707 613100953
9071314 117658483 368557262 579240715
958182344 177263139 411520488 417100384
434217572 293301819 141955409 881804551
848690484 478743319 562020510 786884257
663979064 90157584 686323316 75999745
147759772 250086037 851427116 682526540
431438442 165355395 703178626 348008347
346548454 198960534 218750294 313785517
688349412 121875564 341349630 911458710
4702917 358781041 681632161 792906683
932620681 963141335 945567800 641938808
146221058 335256678 759634400 737716229
589062118 802793308 995352653 688017084
876780981 866224500 933539517 475193450
567892779 726031990 872950445 849114476
191928250 878360267 564190805 376402281
316596937 257603455 230972671 212182590
723644075 878624797 948698026 943360018
981119541 726972465 636548631 46979397
831692949 641255468 653515616 359887440
936313006 20763354 362214576 988493527
348111025 150846114 323914071 802236518
943354498 181444789 436330849 103161111
219716159 905861588 96461163 590635250
797941312 759489370 45797032 626375614
897552668 475956243 278113949 555734297
85854231 489111082 658523704 706799346
75174099 362623116 851698941 964594240
728370924 676068944 879723128 290492819
500635885 607921526 987725781 489127627
537330405 150045561 409946912 880018109
438329266 848792434 920103407 542473928
605077873 900520397 335482052 131260606
604820929 512517530 381179513 873796241
970706377 443661736 796558717 548133657
991902087 37514013 167839804 332170787
163927249 823330297 806851630 517299084
82679949 398344594 832409952 932796307
167801471 41733164 113862289 291207604
942463680 181723250 558036124 174387818
90315382 178433492 93931678 700270840
625316515 735619600 264666592 670222412
495135096 819658517 421965514 434231976
519636080 319794697 800313394 137119608
670245639 188401874 416728962 511927492
204195134 95057939 730919524 925701506
263834097 859309660 489795774 238207516
958633799 47041215 982188211 574418159
321131779 138237796 360754555 52155083
717415204 517405225 502479959 966095134
975371949 349541207 288414807 829009280
311966258 24475909 453176101 749163282
988179430 313925158 992039936 445208803
957254857 240902914 425044344 472406678
754417164 34248006 380272439 524737615
113227435 800564607 590044263 127797351
254649774 304170956 699577564 223978336
286963128 442306849 259013854 2336916
195313245 809440605 905471383 51745945
407430016 375245273 932212202 112780859
599771874 410402178 154047777 730806470
954732103 80253688 441987352 815332824
826319395 157394811 611026494 779660486
310451733 248585291 169012532 587522997
128978009 242899580 233375505 445265771
116567988 175870701 843440904 983180484
648028537 311032196 492538612 860886523
407132752 41951239 955191983 43179374
477803593 309796141 484839631 917153805
109525487 929827824 534906716 231762632
596334675 565711582 305044018 553058637
96000757 266455616 935947602 446178772
923131673 400849673 917087924 788272035
516267130 83560127 517211960 571684300
157998226 170849814 962375074 376105617
96904505 319891104 604395672 724926755
959722041 316927757 147141268 639318151
365474026 515185742 247964092 779900450
209736245 129645981 716090551 734536387
177905238 172019838 218818939 125170792
951254087 949416785 420529094 555776828
733234885 700276241 252200700 778764579
247387066 584674327 464723906 532981374
891155586 44590843 633092174 257536525
496946908 416240668 791470672 926302786
808250150 389768479 795069741 756325324
157541646 814900357 425991278 780782668
764585117 587326346 540451081 972692834
908047000 940390359 43161570 3960807
265554278 552572817 101286325 166395097
853328869 192276481 526538645 415879914
282453926 661784007 672620265 490425017
167917970 4911127 210086800 973445076
908174592 78915998 330328502 883703650
981893691 380510995 276504148 74600821
157504410 818049233 378449424 119964698
928881149 284312577 639819015 369279965
374113105 768850654 231469225 392883696
358901785 431304287 789153290 404067957
333371883 737833985 893978994 617025950
169648704 576134718 899264841 899066144
253604074 530784327 924863290 699716852
380672029 151966410 816632546 993135785
545488975 274950324 940460866 4328690
894079079 303871936 721228908 641317518
522332587 639674022 841987170 339935324
321310321 269398592 958741525 884124060
562230315 53447735 722331924 555597704
565115364 384852312 859555237 188403856
643452470 83421712 426028950 681853487
772232418 906086489 89773116 463863866
653374855 210438573 112549155 427469193
284848688 312510092 865558205 284413907
763439376 700855983 43946184 802957495
756902741 483716007 247822164 102639872
769993571 3519976 772343294 672573350
554715974 99948449 955600554 59171559
430700427 412091992 384386179 235757003
808390450 228649311 924881263 368672816
95283400 421166942 656973382 508538125
793008730 462396973 369021180 993485274
628291942 795815136 36997996 885643217
652080951 569835172 943569212 227816502
765855152 944797111 526058735 325040369
627374237 491296469 331811358 515543203
155984673 306084121 388071234 363903601
804996460 906640133 909300300 348461795
754041555 705469611 999947443 54533636
643362820 119139402 733405793 815928720
310750605 192836011 439591011 712611004
516500845 419989958 996555051 396335226
551998801 122094907 880369506 571981104
405176106 878552759 136396602 534922884
295514314 826478861 849216965 905925634
371610087 256894638 724462421 747494553
234796505 71489498 8299710 365795183
872216586 777285958 840107260 581213443
507360692 70599651 263291925 454199077
558205798 456603834 682463350 610099024
969882893 474833654 661618018 287089544
402518494 334127771 127219158 582909321
664350131 595415156 30643722 418845927
702819733 266916904 661171041 255912424
145487032 899421966 935637768 984780336
430788968 763665530 956702609 874256021
979549398 859991229 100318238 573868079
599288546 980450285 396379026 612915260
99674664 982057671 519827123 258871457
335712192 421152151 451326692 581661613
360938214 419503290 657397178 662199667
272626232 86391616 206722623 167135617
355656070 97295926 886890537 498033814
696353738 690955378 574319159 282904624
272604812 201244300 862260165 742675217
197660307 644336171 750649695 270657427
797045640 965499042 735782559 404490559
156925296 762252561 448389608 4362807
161517867 564696656 108691148 512406490
914588283 214386794 57225991 953879420
948335374 538585580 119377866 742735844
513769917 988120222 114848770 614596342
352004096 417274807 759312316 515493286
230108839 669210019 960163990 739283256
730274245 158250341 567159967 608991420
805946945 85823486 460206839 764515264
696730859 150396431 990547671 273150584
530999651 502275141 826232167 535242312
261769431 987265791 454978841 332106172
446518616 58907870 562316098 497742706
242730328 658444700 27308562 790900503
510548598 900716397 666904913 377566011
92501196 980178090 968898954 224797350
179495699 191009813 92706110 553666047
217995535 192740185 5133686 525444404
30184034 734124878 991620547 547070581
700600022 421282021 858105372 683659958
438091219 629642148 495209533 404354319
455918147 748347850 935588178 753243588
572260646 873138871 807690410 45151388
373037019 100395165 303963281 189162242
203662319 463139029 161832240 36273217
364457133 246568666 340456720 683992463
391404843 343284730 928699274 192078785
361352195 243502095 554773631 905240067
545001971 698966955 498647630 2090976
54762095 884308597 477388643 636564842
631733846 584967102 626779197 756032616
889645222 498136231 394288270 920589764
443644400 13191985 68651092 697427742
326814390 74506953 952748382 700157074
41398862 354741467 538437467 224150186
79153759 938205191 643133165 183873061
486695425 186911324 452825145 346700474
252359267 505888823 625861873 296287724
872135682 19877914 531289774 812483124
918592989 225508600 758053462 195107299
565479936 407604262 642737635 743943111
696702408 799881485 428467823 464854635
12851062 412174575 709341269 900022396
636936931 334616767 873999044 435027317
759331149 361668487 327692424 88361465
487986970 333550534 808931056 144960938
303629582 666418370 614920898 112624016
587747586 468625200 887902686 703524288
141779298 193819494 323069505 121819304
128658732 501796490 751129489 130068752
278779449 492705232 52728886 808654962
754084243 64139702 11098580 292609645
972759127 962268637 592624575 683505648
4688436 872839386 169296438 780912833
616535999 401323170 841068670 922276688
126842369 979985683 564605359 850995436
652535054 253036610 881613726 347913661
862303875 672733863 994165940 251003437
616280299 299286722 607067475 193328223
726190991 545109060 923576991 465238722
751651655 807655147 246165312 952568234
12012018 670686676 976277381 480411102
495701357 342982731 132477438 175668518
476452897 93378494 939011458 939379208
151708479 468374644 189004442 885705903
823672162 577965756 333326749 74537175
64203978 291840951 879145398 206422600
327214975 353695674 58989688 595518920
206151871 592288625 533016454 851065371
862751574 324436663 904668934 153705463
25236727 630932172 313478319 464384518
203695224 386049706 630111089 435357974
278625962 86565410 776942758 660174416
81446533 755643848 248364941 585497535
451035153 365286989 410365602 598618486
305951798 233396917 603716650 426972448
471342772 910742489 19798272 652577721
939626797 885343860 59952763 478911273
807364868 450471891 343127341 408338033
280820240 987273948 103269861 350144086
64534331 715397782 206829794 237267112
770774063 675811188 245216106 803002056
298223171 941109122 581738087 863408190
172000564 886834918 248179850 443286965
221642173 469366378 629519459 217886247
603683331 969965708 635287972 826200175
605649039 582553238 599817844 361475652
233552186 306036736 349676202 923680626
567675334 270930488 116148516 685819997
773959120 102642763 400776924 449414899
985071484 237028639 953886029 601531684
304084742 626664601 275188697 168636531
919349511 36203905 766331351 755140851
883761374 742929066 221150518 87421500
891353090 563572208 366104271 357756370
802042671 441767258 523595163 257570024
380984340 808940523 577216050 398520497
419689381 504587475 476545362 696176650
873817430 962968211 407000639 654024924
88665721 911699363 329209080 540477341
701785793 684710292 400016009 402562781
55417265 11786052 707673502 966868162
175331516 134739963 819973814 5408584
949610718 846427898 624114514 699469688
890715193 275047222 52167202 370471733
888637567 658610438 494335346 58456136
949327048 268036015 404444784 982994476
590437753 119632724 791133023 828792948
631104823 303125465 67975412 125197241
745130107 85665356 515475407 589168591
329521528 898374285 345801154 414988201
625364645 925956345 595921056 662696446
897070400 194849500 290896628 275942298
669033047 121246925 879252537 268460729
757093995 195826253 600353251 806727053
650287159 156603750 977268803 327736298
484866876 199395892 688493203 633610626
151887326 332902420 527493921 809126223
182552600 402842703 741268624 232476508
693194473 812128288 933491696 172199408
442778982 680702466 81828182 939926179
187646267 876737201 366732336 995503091
303413730 976969112 626621670 371383673
120456276 484009811 752599785 328238996
658810282 265656566 74460212 189714772
641252655 147436346 128022794 67990219
622172726 790266599 486426529 647199776
201186330 273668341 163033299 776710637
745139260 692637192 543218186 346645206
730125479 8097299 662849515 443920014
844340892 238103662 552379855 897940839
445142469 277126823 27027411 668568867
395097544 560720434 32281997 383630451
33711904 787347315 276887326 77581447
171379126 828408203 374094373 150723855
114465955 183156702 8450114 514146306
61245409 271075898 266221038 723650515
195277092 431725950 250531576 376333763
101693318 281931496 454709550 115650773
879015668 958786305 574341400 447836649
428677805 614324444 824155090 231240101
163484743 646503207 248529225 322405419
741051371 826956904 866322017 231513720
742602066 610198418 454793637 386562347
723271071 194050897 269281751 931402075
505847144 60769364 573534598 21080918
57150993 853839303 41589967 405562387
667199850 6692323 501269674 21763862
46223710 774155479 448254576 927653556
551154312 810519731 29728705 613120382
444912249 687066365 269855001 599538717
790747241 720930685 850330706 102435114
78648773 23853609 813193193 516205921
515588674 70872632 67879435 510758219
261187000 945535225 155199802 404130876
887792992 946974975 844978334 694825046
408153627 740253897 302606914 555764652
782008653 754106423 42114427 12321938
447869013 14006994 107497309 389721918
537039590 267385626 8369033 979190232
901332948 113325033 530246661 853546017
148459864 543721969 75547724 383543823
39948479 89913217 367616156 126231368
62942627 363462092 214234176 613124932
204457423 124241497 909574101 590427683
193264588 591394026 760927810 501014146
246496187 480015810 612304632 94090603
981399712 438713764 506433467 78916694
34031437 837730212 69111128 345995843
576522598 457513218 564708285 66096029
573968545 829406520 120392234 693713839
331683492 757278702 194558339 114716645
202274734 29874915 837030102 723768644
500124689 991028151 340418382 755299671
436119551 797033325 990808407 730098013
291909591 326371364 809899168 823502692
171120568 467452613 354774548 107822266
30237226 138571669 731399896 100573480
65168063 721331191 501871124 655232242
844748130 13218467 321747380 165210336
409585530 196488219 987497829 375510326
794795497 96137480 583888323 279783538
320082214 257592097 205406248 984497471
338567676 566687078 329644780 68408903
863735378 370461903 97375614 195165723
854904615 649089250 515585354 908595444
606338039 543722689 541022344 214826357
878022178 194213790 927359004 775227400
322742582 834851819 565781539 399685049
206305084 894115480 965314757 712971994
88505179 832369663 610549667 334534119
519603773 123681162 512801312 686632759
37932208 677175938 670888849 843143056
527853905 341960794 913132155 449012673
17344966 954363845 630457290 357551651
734309207 785345145 386194207 890029831
622099378 758914914 688544788 83527688
416210414 510976492 839609833 110725642
106295979 526331466 528968076 637812692
476899652 974092488 500873369 8958494
223385048 199222166 426345090 19778433
299375690 166259858 986680722 434744609
849090864 74699889 22032262 183117527
670796265 184775008 790671071 268962307
249116757 917179123 240334371 635199949
843006401 381913512 165871099 45841310
431353474 41923583 458755720 806706637
811077617 628162578 531769341 618651920
682484630 522001209 651939467 754763038
805900441 415991134 737368563 942666295
963482457 139050147 849444026 400527023
850039316 200974507 760180044 639825418
715810160 772940679 802500775 545561756
789253007 184406238 790034043 778755044
870883 707298950 140954811 672211501
495423442 576654880 348058309 294096724
964548897 123863521 230129934 77315286
527682449 366792038 696166596 918165962
936108635 366258678 857424939 344147282
388586971 56591815 627764345 727700063
964238459 595739124 437131718 957435911
611706273 435178635 423615495 302521077
972587169 358247353 846674864 902295094
818948601 972013120 551570283 144793632
760322141 676251958 145316457 460612895
790332732 110520129 262194919 841351234
513421585 414151168 569817759 996319063
749690583 679803388 862560194 503390496
414065579 265481570 519000212 399685606
394496630 453794281 912044400 23083451
701223070 441388606 697487480 103526224
114620548 254856625 969733653 686028242
447695066 119828026 797730451 677903442
406579246 831332110 704653455 693423110
799288901 2319529 655507906 246605166
371314475 430030834 547101694 660214529
621920810 306057026 588911462 202988853
984822367 978793504 949768034 892946633
513318727 38520356 379935917 504662553
182661143 851114292 166659024 438809450
199345958 512015584 674543510 511514829
23986043 842537337 414840776 197279616
849978017 628750481 452129096 783129956
418935268 429657330 271754960 510645980
878300157 703563583 625768252 412719992
8046476 981586709 362280815 100376912
89852547 870269664 288140843 768508695
681456858 245413681 238387174 710760691
163956101 867129877 882982245 828478678
347814548 764330482 173323078 937104420
215847436 562435355 148383994 769565163
228770465 301331321 457205383 175247543
260454306 620328608 592266272 435692977
771244669 183814793 321490689 885247069
433563483 982326354 67823899 503465141
799585734 753933469 50137579 725899269
808424087 658715291 215018442 419041269
853404922 50821751 986038413 625598851
208067219 820366377 371104323 90154173
235722499 729506925 217169789 653222451
938091517 148348777 269200524 545302317
984188504 829888808 386630595 914064840
214938456 435466710 631845006 384681223
100782730 513501919 113555914 127734488
867419267 173670063 142436884 762477644
830724011 224827793 846497520 177391044
639360975 134842382 568359521 669895887
45450275 712022544 677928274 940851672
302100396 304926548 575864581 6875095
482755469 822879937 281715316 908637918
135059037 960329246 899944751 963304478
480660004 476349613 54573866 76583119
398810254 249973750 665306483 196545358
890756155 395741000 596365087 901105155
848681567 78067146 830291569 795278934
709730500 220731060 357589392 509138964
974718270 58806443 271321868 120571111
942051415 974392732 864242826 904663560
707162353 724068327 995462148 338283545
307127280 491942508 806954134 713342893
474430455 569586576 31700596 457654751
777838926 286885172 467868902 205198406
207034890 376809038 734316118 821455227
217734054 293138831 395419936 52965107
108153574 907770688 857931076 538522490
6332498 173788985 798615229 509766964
880749634 592361531 588980978 19896316
256557650 196653586 728900476 391779219
527301533 629963542 955193735 427219286
830517901 717446876 2627466 802022810
839778742 282908439 154483487 563546965
368628324 453550179 238146445 181004605
504888707 150599123 294350699 754207405
29807630 22180931 907216128 800659438
273230188 484729687 749398622 501844809
409398046 4883122 557438459 702523022
800793782 719684764 584174454 213602077
216530264 304793617 209738766 883060000
238356304 495229588 229490734 702282434
880699626 44530400 736868878 400736721
187889935 655740669 136170650 680436872
147963281 579844137 919677043 178910467
508871303 410520597 65192026 59308882
428740678 608314282 453016603 234663465
228646133 711467601 648078184 242107119
627215378 406569417 102133445 405650167
966616222 412298986 642509839 391983160
625283900 429075057 53729545 452255584
285046107 454553061 606846202 678174073
540683506 591041086 416211010 815069954
205362158 189035334 883840180 36620922
463492070 982200426 152090275 782916660
250096047 864757558 602374848 373439162
125355952 728907063 730483616 744084794
804400837 888826824 970274625 3483415
142931892 120109942 791206192 18719008
278496925 822579084 300415802 348575406
595047139 586695648 924667329 316320083
656136733 675871703 127787267 108817889
93601426 960175751 570969144 147632435
638861730 520990071 784832471 833398747
331734259 404892400 29855887 822841479
29142832 934190792 199140974 550278021
318943832 799808578 585265976 841232701
743141552 336962858 251233747 56183440
244434395 658435500 374103556 360343477
393904713 120754517 743372180 355321518
566847695 304909740 196605125 341629258
772152999 275283675 826500458 712411777
829362920 23311174 945712125 592622950
100802740 690664234 102952401 498128889
745486420 737909121 576962584 709503474
894160143 861831047 295159245 27801844
384549115 787345529 481134297 778957791
676518141 598421707 102819669 908754623
416441989 177556249 42366074 223837058
699088814 427387734 978511164 838316201
896346703 695570860 152367731 369256742
549092207 924140710 356144894 34499510
820303434 195819421 34644568 860004635
612079358 602011013 964549734 272806785
502306256 296187463 69642769 933649770
890826610 230405083 980771377 297279707
937126633 179101580 850008333 971306844
13684744 579176234 444294769 658197571
408498416 649570033 730707762 637445757
410072681 98596940 310772277 455147290
424686984 269252695 20306778 216547241
312814260 128955696 614976254 563773972
802495022 420386297 809222090 410726303
617754012 630219403 82812654 341231775
476045941 282834982 482434486 950235593
538224696 961158149 443734844 244335331
106162159 559411067 429194335 367827108
917804562 705681310 121792789 386127294
574118066 397767735 595665254 340864179
613624785 171084224 994841869 38832143
318228708 560924036 443575861 734924283
596719687 740448244 127055078 910680630
166220950 914199174 457094272 371206125
7462790 898097991 317347371 595872019
47411796 461894322 127449236 703907489
186855167 305926180 162426378 851694872
510384147 314224156 463695945 836781985
594213315 294012510 330726704 237568314
749893490 589250136 798138288 641367862
278029229 525115071 24669366 377517557
265231774 351975981 218276516 690121390
377548080 56674510 854820538 295129481
754761655 600730 373938374 556628034
725026019 701715551 970897981 318220920
827047591 267664431 384613265 713381253
23012011 208786355 785243330 88052534
504530483 258119307 394596958 962119417
780131922 69516351 979977027 149853561
858119351 111909362 302408735 861294390
428555257 57745425 889919603 713851775
651267600 66591474 147735954 134095941
443398983 566083948 204663037 211584734
484522190 76017127 467866547 410285508
16147396 900227321 206992597 667518657
953795934 48916922 448493742 47243738
626617188 981060671 404856255 336861830
665382488 336872069 152827736 191768020
621433583 156229366 209627172 8820465
917346295 802381558 490697992 647761575
98537660 955254382 969636988 124437946
639416144 371646457 603986466 751881382
25298625 432607468 367943249 9265462
710224419 158651687 157693993 692281239
788596120 245176244 187597720 682775534
98010116 744525541 735518588 528221001
763316426 645260 579584351 194550848
359815720 233215411 185503162 494419480
534986104 244731404 738331995 526031964
552025908 775243242 793844494 29040989
185762722 132207209 397861432 887147745
540740143 307165011 800034204 367667487
696688051 63002621 899511616 777126793
472842368 205733250 426047268 170946347
757290128 634174663 57635682 845614642
232350987 45908302 83383987 946090768
369525897 252884598 739086126 589681174
705065360 393216704 717151477 758102525
12238509 784432110 653458638 864407275
459579406 106045080 115426910 499886837
674476826 521725599 514648478 690051907
414432746 804465886 970639529 40390755
348255542 643901275 246774504 413911319
853938160 603158900 106761531 765743676
41690114 373331163 763625633 423814207
472229619 376605978 702810376 941100196
751022350 572195803 954531659 531652907
675217636 548970646 312877209 735876544
470642345 676010836 773277763 33539109
824763926 824733133 857654148 763977383
796504088 277913560 99589231 672591908
556690120 99960942 833383984 256758522
778767084 906250866 242795962 269133868
212602007 606176201 850593086 121811196
146643909 444220124 580602252 599980589
568552202 356962691 458433228 327907358
980623741 679430934 203230925 514711672
298076682 344837827 790932270 622168739
574583763 214516958 823593730 319986038
681183976 3507315 101013223 270945081
985694132 416367389 589570104 483469011
580590499 47836099 346097358 910458943
548203920 759316348 927250104 938025078
383108210 754532048 596964812 875281877
528819402 772262704 386736209 949101293
867491978 61458666 845335266 975196963
749786260 762057699 319572757 67968447
452150164 239827501 222936509 402333029
584938532 614237094 527214209 657407630
475221168 575854171 762547326 783787570
453798146 512170631 940187263 736320335
267587897 387220727 195955221 724804646
126063540 690076222 892638991 490515696
535349668 941972827 877673953 828386910
722666164 959390862 693744090 456462747
117977549 201748858 382682578 665696806
741945533 728631356 98682667 154323782
436550533 113967674 642703408 860905122
3787881 280283706 960312500 58968229
788444610 547946373 353582342 526526449
957367578 348516772 448589869 222463324
623256082 140748121 193325024 337337477
823964217 490963161 844005554 977620063
619641281 880284182 341727823 361249390
127420714 178050307 375105205 332072336
760515843 847520060 181033318 252160442
262921452 345310173 282369339 554279652
781357710 164216581 57833962 493406993
785476788 107895051 154860631 234065104
491276408 148763626 560048861 536259095
935055320 109089884 839036968 585989709
473479589 918958563 410244630 539955989
737953613 628124915 142861806 993194547
511914038 899502369 925774082 458658783
889483231 852643395 536106742 905966025
193814505 245756874 829407983 309050677
410509825 269438434 714549625 409345304
368811267 15805703 72955376 381454620
228598583 154612279 958696938 78092330
91059015 543844570 186921200 764942654
839038156 523807792 512335546 850728918
93759762 445768657 306093151 771943063
667047696 564784579 532044981 291412426
155417315 203329403 754479930 180704616
186308877 985753273 575378202 38413686
133920924 853818629 642957301 873601326
732349157 72724749 524181771 272631527
122391772 395736985 333047772 51692749
440996315 535180780 93318277 784310045
53780109 705396107 972545667 123949391
641489912 570343263 468659821 298621480
94072160 531280801 2298176 273469960
725906391 240677221 87895206 862207287
480450171 897372625 773429657 764454373
294256735 830566513 152946250 143197230
459361552 179662658 373801872 722513486
108511141 298619445 592245850 86165006
955661253 3681994 578040650 292827210
914760040 436070317 561776344 77931222
544709940 38595354 842373005 600306817
936718555 461280948 744610234 813384999
681215829 246401063 894490365 609928285
408744757 555978788 201242795 221405282
101086904 987123839 599877891 12891442
800558002 751121931 508612441 274074447
925757406 737895841 497737258 146717483
738380811 717665672 272295373 627014071
19694871 269036603 988704902 769701008
164969169 117433290 421874162 225753916
602941296 368479440 656195815 36635694
84428761 83661091 252114088 557306592
437318948 764033711 152181857 410547965
529182023 80450165 51415771 114364054
663248732 617306915 468029516 53092255
400046317 893549958 337126972 458442603
837107549 949063636 973438705 985518302
307457538 811609916 702312701 742113315
889956230 592296090 889723803 381164391
696251526 500203596 892473023 107548354
843498873 932580689 862294735 404180931
725242652 958686315 787101480 821651397
718206082 150638405 246373762 835916520
747188754 372398508 598267115 954851482
236856823 188203316 691597642 885658090
540759931 795361006 149014612 975352969
864356792 959122955 98485565 758158269
719470342 178596278 813489412 705416567
3060392 553819497 847322733 693484202
221128875 468098604 129844477 656724138
157866179 274040218 231147375 605423428
500274736 120280761 304107068 670730368
877005427 803148393 363278353 603970786
42136002 634371759 683172385 267532184
891852880 897278967 871227039 376475614
411057170 776350101 71349025 604612847
520716459 147740527 198134619 508606705
167358966 446419676 99291693 223372842
564264598 727049173 598572120 38421739
583699012 702647396 495427165 631914820
10259642 95748528 519837714 217688302
521068710 497221227 183430040 755383579
922828280 805747635 726142656 999285768
147389999 125774442 274611897 751921621
949247823 258648095 67139903 19213406
985342016 164502323 860304598 202895748
338640233 216630287 962177294 744333843
45833897 165523574 854036908 302829337
276861261 817177154 999446824 762630662
383979206 316779473 395388868 633613401
232524591 299794623 16906754 349243496
406996128 652860020 996382364 513693016
653519255 142790574 262151492 728673019
601128307 473089880 167382118 568171320
811114200 217171663 295994285 394460377
499047928 132270803 892160295 848665966
479170338 869864093 97615894 737737376
860068092 550516129 982968721 775810518
796587554 689560062 942853627 377086257
159560547 837266609 623698609 765278493
144790932 406833960 447443426 157466253
470485359 224273442 247352831 992380284
629061763 390973864 731078063 546016491
224943791 932578945 330594450 732449781
488241220 206099056 110702941 347567495
785303702 609124340 468029527 836450686
270580209 147158579 866239207 582775820
642399204 831548090 565514459 372743473
391556595 574941318 516981215 783606318
823838840 452699765 271168694 249477556
115177763 76213520 214287167 5132275
172826788 949958334 445077447 815392914
271159608 654391191 895912935 989527948
865141834 702895849 782189858 748090424
787316009 541453623 862100812 201009578
2935814 755250026 316090020 49823004
519901758 910826816 444118897 892559369
134449001 728238593 749943792 998638163
326616446 588824316 274136811 962890843
96961252 622982941 118050352 269345767
11092139 256606065 795874372 300641226
877865405 809221612 295532957 797634329
413768545 388951132 219696861 727814636
747609498 368462318 742918459 69996818
188336532 230407967 705804441 393622028
199076246 855319629 249595167 710024228
218839774 781133085 954174808 668928539
54178197 165883590 257299600 433739766
797388998 709105985 687051262 195595873
960751147 802668863 663023278 659435996
74579515 895892721 642574188 824477553
723400194 68027244 252407147 167262193
560069458 248489595 70580187 319632035
909389546 104182746 682921895 780144828
166844360 414643569 510508301 395302152
92824195 707097550 43281127 153416551
378422651 939520025 453719218 254884343
878606634 284372115 327459297 793978409
66272484 549810942 204642211 57204279
447354880 694378287 78331467 788321394
492792023 492732491 111403862 767231063
222882702 359586697 138066691 32316611
214385780 81202817 43918405 104986130
815046639 878413042 81962398 104854110
797476209 127624670 734689501 654298534
829245626 33600275 19444072 333359741
402869211 457402779 809874662 247814366
738889275 466337212 340405736 840930039
611687416 582372523 186506007 716309653
747545751 358327673 787699041 260413107
198751719 481908666 844758698 488947861
862226664 255752695 780122207 511716261
115978670 483180152 74626650 585861885
460559006 574908913 428284436 813799118
928738174 524330394 137705856 323999495
566483386 808970348 189813160 911421405
684838335 591265336 489926654 547350792
259081614 924879740 295603389 352145751
961057738 849056129 867365103 647787526
15400321 194001561 923154858 238124747
274526598 43527802 786459874 161992444
11745797 233097770 949192241 231736529
603795693 824715400 100874717 642929297
336426355 608834639 744740831 204251141
172180642 598508521 274067292 593499015
60156382 306814682 623890019 979831226
551749334 1594719 473499708 982589737
698572495 283620671 501182137 694594381
78259163 579265587 512167350 389160079
39548835 326292893 717161583 912700600
453812209 413851831 399176441 115031697
866025853 306567234 26296375 839108885
696923029 893772016 638477405 61054198
607139741 743669458 688057051 750911461
24170684 160308921 811309404 955359332
498259296 778184873 891307704 525467595
445999972 598442678 130889600 232707308
645842348 750809168 886606187 302673626
730586882 571600231 141385312 686199347
617836336 169690182 39695160 692129417
980480755 487512505 381756771 601902944
838515436 199017869 207969409 897035841
416177802 168081855 680948918 139191413
151896574 327911178 497897871 367256828
344787291 414003168 379447118 611309497
878935071 421866116 909520404 95125035
465555743 827021057 47313839 72434670
890666435 179152219 234806384 34403998
69696851 459193084 231549083 802622204
489585502 253579834 943618981 421937386
344708036 892658478 875750861 839086526
755464832 291739487 311532850 537694927
237610800 374518151 169970883 231891819
543603790 12155222 72640031 145991273
715177689 980283831 963311008 350340330
177814686 100530420 19517399 658485730
730673137 852363989 565513513 87452361
322040978 404171348 216502833 440350184
852895048 804609087 149147415 328758991
236364924 668253864 102238661 983039022
817165879 396833047 263790268 599640806
946068032 149752146 150581352 826700939
613909556 414095049 369614793 437022989
333098546 873724956 492752018 260372939
351082205 329388931 545204934 486547486
433537616 856379390 8010768 894865766
911694958 659316343 896926184 531973186
672429717 393006202 373944484 362366990
457319172 127049320 696429295 304978304
465463119 145937955 636187464 444232904
956751106 764490511 520004249 3485278
899150034 282985329 617895132 562068333
215990812 409297581 60564066 273525565
23176687 258010973 844031113 78103118
396274233 471842395 439104857 586552004
848453673 581018743 377133793 482487679
144617312 731274844 789599622 428902242
915166744 777709642 965302693 941045799
969722939 594385640 499011707 451720395
486754654 57675199 300270920 346782536
304394345 784708427 643757118 414120860
582921100 785126542 615585697 840932754
610207508 913460292 761099783 67048112
122979142 355087434 582339562 549883174
36703366 633744482 763575636 53924049
257332689 386252251 597530276 327590077
158181424 935432083 30935598 808728344
370771138 337295504 284156869 658692962
175718224 840926859 685859489 310610831
939527061 492234645 392412378 918549898
987322504 177178156 590508289 582695465
130962840 363287584 953058520 973157855
163075493 85383221 243474375 652962141
650450343 362846431 298355762 286333670
387112029 492976003 698122525 859926977
465244572 754823999 301787713 896836822
141273187 848639589 632565701 726372448
516682363 618747541 381164228 290159672
367479734 623201900 715253880 193942409
910348164 186798144 432627602 507057614
139411283 942941590 698507507 264798982
363002180 7421756 783607645 325196472
643885568 842221756 855123987 845757058
973506415 965006880 975745241 441399008
800189194 544434795 992139949 492996157
793154855 580766721 900967377 333792833
936458548 118423377 117823140 479043269
500536680 964764827 880961102 158866448
183994636 178123386 937135920 750611624
809911304 381341882 151379901 844923593
898313020 393909572 860008554 15783685
870665045 944316758 646588471 60503710
10259556 25551005 438516426 48211798
