200
152897961 182246913 202890677 283020291
287452565 417340393 299036027 233215750
337401797 345989070 42754787 500696707
719693652 803686277 218398936 218347360
452697052 688285195 161145326 173820774
260371826 792536780 479142789 982810878
880837580 547016282 82369433 438107110
401223203 794083619 203411940 824427746
392779961 375514942 7836129 400603836
318901261 322979400 651620414 177064080
81264547 61428224 487023174 683628080
393479556 110445536 93957663 635342121
388859405 322460968 667188737 198766134
12697778 677398304 474072478 130827678
910102378 613411934 521232885 72074855
678598617 851677955 644511194 591511140
491243903 631077071 792597420 710868548
135456841 88585565 222356840 193107985
252631396 153251938 338956653 207841844
473657730 117498639 519739750 903951522
857962501 349085393 634541483 381360659
375844921 107704153 287212651 801443912
787593511 477658889 610362035 228397160
831296887 554266180 206409704 707050970
329632839 710889880 428104219 566201573
920575715 246555607 724706122 659565209
916398918 455249800 332471367 835835967
137097975 390736487 609334722 274026511
628038871 693380522 638440655 590282979
71408228 452811556 247234385 573265792
9424795 323982517 711113510 852764275
889702165 878594735 818031158 880963740
621720575 279304468 139489012 949262361
547802367 545849855 696394117 224253746
558042428 29428902 272164622 533216854
634223167 694587554 397029323 179741030
765097968 18814569 509417555 912582050
507190966 323887827 611013242 383996806
733244428 727544094 145588676 778644252
837111675 51061487 702662691 699597125
702438609 217011698 851407948 231294974
691322008 561006423 832180647 828970747
423810026 656483285 916301545 217383448
154617556 835333882 161643125 132791197
259276133 304135677 443671632 28671843
858045246 873290868 556911174 667340335
883525994 243137841 657331405 217998766
824166659 489732265 2793335 414673653
613406549 561241283 217514 264875160
843954532 534233404 302260629 526011995
72756294 934285209 904171684 658015112
596117303 504001891 250385280 666047866
37925428 885528392 808298185 732210123
752497937 865735179 639672792 854516008
187855247 836982996 657696870 2656513
384411399 238847040 529039059 328233923
276419552 683469397 705065796 975637220
542497245 39351447 545340052 849755517
369901841 513556668 887052227 387292575
60006694 755610943 792365527 413024482
222172697 227373067 508131127 668200856
130003253 144063847 395936067 835887161
170384225 647635697 323893333 597407789
801521498 140801783 334002517 971403809
438438226 60621632 308372881 145178236
463418152 357729415 306418105 320197053
29306837 889772964 618234150 233527381
819565503 153232694 172651569 395872781
65106238 821135469 619969741 274237897
613124568 820753290 408833865 7011092
889152766 60046996 283050002 429574405
885641631 176124870 746269609 690639809
221897454 627118108 319921270 665575611
742960954 545878157 971115043 416010185
213223164 745619999 934902250 986226186
474011147 373006226 527087345 682922748
637770092 98434920 436128056 876607711
653099424 320722479 854382715 791200499
92138407 13094645 702329108 818730215
459812699 455077869 469539798 566963647
303497409 551372534 79108663 687952204
82820486 671311947 594946525 752808502
596488180 29693793 580744087 428560710
238630696 14343798 873119377 837174681
734684684 8873312 443381801 180128711
426477528 623993577 374428711 343875960
462624439 92629826 147665823 271585623
446996008 328771734 707012279 276638252
501529841 84257070 731370282 375512080
914686290 124634568 320776039 317732273
330464468 89774903 296430814 490152244
49918858 600478316 957176844 150897661
349451732 333189963 751648579 783915109
527808426 850166823 678964504 239432470
806636801 312364501 260150906 944886011
628116727 454281480 862751333 355910485
41437765 272806330 758789947 98000661
482430798 571758640 292823101 740613629
881787961 556672768 301304603 364160875
539857713 570070167 341294471 527043059
126469892 767143812 187911298 542359341
141621541 22695184 308305430 172307872
826370736 797690062 577796591 941294690
504609626 598288856 758895338 64134263
41024169 206507432 348081308 195317030
24319265 679088126 53529022 927459547
297172060 90835079 893946316 931292990
647255555 587496211 155522576 226014383
755166671 59677190 27334387 731084102
623861475 309934838 411812506 942561968
426266637 620112015 378166075 78395443
857113753 102470704 848149666 353534482
681593458 339572519 892569731 665139110
214128091 132711323 652473601 911143652
275901007 217151017 2468732 390454314
441128030 938018668 305293969 702015795
298022912 153832835 335204522 492456643
840641341 224562813 505801149 322841889
310791560 402434690 530168669 221821153
860778033 619127473 233168186 38791107
430678607 631845890 782323284 89244202
108464324 844618284 968239413 252223922
242815408 928783197 149897537 346447717
857727520 50773941 377517608 310586476
786382289 749708129 303733147 231420286
144823817 871817853 685038035 521880964
868919040 513609817 82492596 420627514
660716341 593111726 854201638 616155971
389975116 802218292 200053171 548669225
480749470 806440422 458102264 376034966
20277847 859629972 967744904 85106728
844665162 402447203 912361682 900638141
547177459 809626233 583174326 550492327
190930565 205723708 967168013 950680644
910647660 468209730 958274233 149102720
920596366 750428447 436927516 997557970
140868104 209130528 761345726 991545046
642693310 402793019 111395413 378535966
532446324 712620960 32785396 751442080
322157210 539849963 805944254 450676638
817895640 774827860 16512474 140288193
10483754 311557286 865112931 90454830
247256868 480835097 808304 380978357
805661160 446573030 217456995 757028381
499066469 753145583 961725106 673889058
251644527 437884780 163282655 796705752
637492398 511628463 308644604 989584078
47858858 656959538 769917583 670388424
28827434 593906362 206623294 191068622
355003775 321474970 336521297 127066461
413251966 388492727 502261793 817200302
898656206 23456450 83920476 717927175
325232219 889607520 5033370 834783316
464909060 497332673 160564080 905320702
712682642 514289225 454865885 641309107
115145514 554936278 953445673 962990284
655618370 332386562 246182951 610092672
41220102 389633159 161813392 799901559
123123987 117959432 767872425 669462822
911670804 564852270 171155464 598804112
263301771 317030841 788518655 178546791
557933250 404048209 522239659 670847707
302086436 126258676 541866656 614507417
10489742 930330072 501962562 731730028
503585648 590586368 910779480 803550797
620271504 258985353 476516266 447962512
53738066 787876598 46896719 258388508
35898015 624818812 358960763 317170927
922152177 792433138 203581311 42562493
20027995 372273971 381207222 76531006
517249338 30736378 436167862 849720578
534838430 204642800 237797383 278847682
365322712 902227572 92546728 392127803
322124961 177381590 650979729 349818155
869137779 875367673 271648381 176293907
775872002 698143916 763130112 251064498
236979318 260703849 91257451 758706937
925575166 694983515 642027476 252131071
648407133 236766112 877729648 205430896
756956019 462216659 922012500 137948917
631038288 665750058 338747174 105407375
41324192 598058476 184107482 482557953
772215794 553283112 450836037 537192231
395868091 252237312 738153792 296596953
816202350 612756762 839232869 950568555
461828142 345381612 65442060 696845467
692040905 135444780 658194686 755700894
361506425 602248514 987798063 789012150
28147974 260045981 437837817 721514631
774609113 715917325 94731661 783512550
174802831 906024510 108608567 729357567
283753925 733468915 613844703 748060200
821069460 326178243 307555663 450472977
213636335 902728698 966123740 36659405
395349474 418875324 761338321 7150752
436355218 515662075 702608559 910159667
688607985 236291062 112087001 791510244
215292810 841055469 62187334 262761218
826451119 460261630 617281251 153318929
827718841 639863016 23472363 138652592
